10000
20909
68903
10118
27211
53700
7062
79216
7753
21545
38933
86441
29458
43434
80704
88280
56962
48967
95955
420
62810
20145
85376
79554
78285
64878
64812
23721
55559
6425
67399
93377
2107
83335
90183
77914
67527
17604
96512
30105
70534
39772
1858
61613
25586
65430
3502
59616
30227
51162
42966
95145
24905
7186
50352
11326
93586
23151
78263
44806
97496
94499
8831
3149
53914
23915
77299
39152
9365
47984
41964
17400
75567
9219
74832
1253
82944
65861
81156
34431
25950
35529
11791
79537
51811
53265
11437
36658
71389
82741
36141
78392
84050
22498
6440
61457
23917
57694
54590
64172
33162
50794
42927
77746
86457
83233
19730
22099
37138
61149
38678
51482
23030
70393
21042
24834
61342
10320
54539
32258
13027
29828
68866
8643
23305
347
4055
54131
51272
45444
7134
24050
78296
82871
99740
10250
43640
2203
74814
81980
6107
57601
70774
52116
83025
90285
98388
79966
8813
52949
44829
37778
152
14305
27082
17643
50897
15666
82975
78614
50494
26048
66054
60582
70388
46684
68615
68932
15424
69044
86407
58339
40496
70901
21787
31378
60256
70730
86567
24106
83268
51458
52311
81671
82607
8976
8216
98804
81662
94892
52020
93375
50501
14423
32649
89547
25363
46331
18661
19076
49028
72849
7616
3054
15491
7708
10294
68342
48954
80979
59136
7050
94776
29916
30157
1604
82493
84052
68162
66529
29637
46475
33035
31920
12654
17484
28444
82854
50088
81210
59754
62831
55897
18869
14719
5919
60042
26044
5629
12102
63953
67853
67634
8577
83931
83720
56820
27053
90838
93489
72474
14647
76600
948
38391
96207
16816
64707
49460
71387
54375
6587
41576
59528
46066
39365
74230
65243
74711
25080
47172
32517
60314
1179
62003
69301
77155
14856
98208
58343
31405
47693
69174
81786
14637
87788
43949
83840
8157
42274
64643
72014
24964
79012
56213
51731
64100
96325
45883
5478
72448
8052
99197
42968
968
81154
77014
2120
60418
43042
82692
5973
15223
12521
68360
22126
15223
56309
68480
58181
13865
56266
16638
71779
43572
1335
60965
35061
41379
12216
81568
47235
24344
31188
34047
87873
65168
43782
42894
62591
15118
67257
61588
93691
29543
9132
5061
95670
74218
33365
35972
5092
86026
66753
17657
85309
68809
89050
57547
31856
82658
8962
49498
7992
11955
72924
30715
67622
4966
91754
60081
34493
41562
23280
708
89149
54003
76599
98209
98488
19866
76014
75214
79744
65330
50923
49576
18465
76633
32464
53147
77803
34390
62376
66909
93543
33669
54544
3655
64746
40605
59890
65457
3240
77307
36909
75625
80064
89196
2673
21776
14358
23740
93702
84017
92894
36374
71692
55359
90739
17494
82076
99882
10503
40147
42798
92573
14485
33987
66644
30647
20082
38538
4131
13667
97314
84867
58706
26935
79847
16233
97179
41222
84372
13058
16351
34498
19936
71081
40774
20242
94710
79190
97092
46923
72906
59564
42263
78798
77093
72384
12428
94526
79361
62945
90497
31676
84848
85223
96325
6657
78742
85052
51804
29399
70904
35010
46431
73812
96588
81952
36288
78836
16144
17357
49835
87378
438
39799
85991
14051
37597
29551
75068
71152
40731
40693
27727
73934
85398
95292
24585
33691
37010
64538
44406
93046
86692
20559
9768
49596
57478
26959
348
91867
7491
26253
58708
17844
6642
52389
79460
45202
43423
20518
65416
418
68932
18043
48946
65262
89688
58357
45954
71225
80222
41527
60525
51705
49118
2141
39392
81804
26768
77097
89310
68953
36500
91659
95301
27301
3455
82637
41679
86606
86896
96088
30260
5383
30529
47143
33229
44336
92665
31302
10547
49681
81886
77830
94022
72499
21607
47200
72586
90075
35344
50051
5899
59140
75655
2300
52737
15031
18115
33441
39470
61642
98740
81978
89989
88787
12149
80620
96325
47719
85470
46563
37474
44308
15478
54524
30309
26519
60102
27372
17449
22202
39081
8400
49383
3822
30239
77971
55468
36001
46593
81653
75237
47451
3087
77342
85853
99707
25188
95967
6813
25321
11659
14528
79346
12792
28395
35884
26957
84730
28414
72694
14435
34367
80031
40294
96693
42956
39938
1475
13962
28084
3645
32543
59383
17526
95940
68986
74881
24754
26227
29907
65754
61801
78564
84306
69895
73040
68960
22475
93250
64400
7954
26864
51035
70590
85175
68183
36185
30834
73778
5634
67999
48518
40220
94065
85289
3853
50552
59680
48853
49421
42149
22430
31903
16826
87628
77644
65701
8273
49817
74829
16169
88014
36103
69296
20501
66890
71604
45687
17880
39732
9300
62212
60399
8555
93953
98303
37983
9749
97199
8390
19166
96799
94622
72690
10417
51154
85288
32161
89264
10414
66267
75333
52614
39878
42721
74697
19253
50903
21978
78747
1622
7718
25195
7675
84893
84629
88784
42718
9147
5762
46221
70143
11294
99965
78338
90115
52531
73443
61757
83143
95116
67131
83689
78953
68060
98733
33539
21199
2782
80666
53838
83959
7254
88796
61821
74653
77007
27738
67661
45858
9348
27208
52757
49695
3130
84441
87670
35366
4266
38306
10604
5585
91997
21773
12615
47434
92400
41014
33331
85078
14838
33574
88114
58623
15549
32745
25996
72796
97320
65678
58013
90175
86588
56667
24749
14587
25751
55402
82621
94863
62330
48740
81532
94804
37127
11544
5721
45311
53029
65399
47027
51315
7808
65328
80684
33254
81838
14467
157
26286
57741
54436
19363
26472
25735
22574
87095
13189
60887
74818
17659
92338
99174
60731
28527
7298
50062
42094
71396
99258
43360
88003
62376
79928
52736
810
69472
39585
89710
45853
42964
48166
42048
87856
76547
1938
56170
31831
76504
99315
62464
92405
79028
19490
44306
57660
2155
72881
35126
25893
78411
84656
3172
80877
35958
33435
42426
66027
50000
26436
29984
86218
45204
65656
65670
23751
14946
98865
5705
38633
37779
41688
44020
70295
99405
50836
16515
28762
51697
99763
56131
57009
28114
95636
16150
6315
73568
63855
14994
31845
35682
72834
37993
33375
11747
84184
82563
33693
95907
29656
77191
61783
54574
78344
90201
92317
81033
79547
32477
29963
40616
20094
68729
64133
48541
91387
68313
67407
92076
58952
72396
98796
42778
1840
7084
33393
64195
38875
98619
5732
1482
75228
7881
38230
14283
37655
85073
99707
14444
4781
78851
38082
69971
10213
39645
20149
8881
73113
9170
19823
75644
82618
52108
79220
63866
38785
58542
69106
53241
46387
93810
17970
66651
81584
67826
92379
70927
18745
11682
96963
38363
54459
62650
65394
33397
84060
72593
60758
70321
39137
6468
79709
13429
74490
59191
34930
47752
55754
87730
49079
40776
64342
74765
81403
4379
99786
22790
56088
96894
91362
86671
82251
78841
45084
43333
69457
94515
12248
21082
75995
22657
7144
1780
82126
15290
7226
37039
63162
49639
76831
35837
95444
93590
16503
81358
90097
21933
31259
52554
93762
45243
36903
84379
66183
44042
24162
57640
92465
32369
30635
58844
12697
79302
25250
12518
97238
43569
74096
31225
88990
75163
51347
68659
63005
28581
9194
23738
4171
28149
52986
2914
86925
37355
59835
43180
64202
67443
37090
26153
8456
56467
90923
86204
49858
36035
21282
67485
80681
37340
83279
90137
4149
56329
38844
80983
73573
20506
97123
42550
91034
64664
29785
58481
78605
75603
89330
30469
59112
23030
23823
19881
18280
6204
18987
94076
15757
6396
6301
19677
69115
3680
62346
11539
79600
41428
96619
44493
85346
61241
22199
30404
50388
46329
6477
47292
60853
65012
18592
4361
40982
88921
72702
26831
87014
90961
29695
98497
79852
39062
81735
61803
89823
17761
89592
7692
42757
33216
26167
59258
88199
96038
87288
62089
79245
7356
21737
2695
20187
29141
18041
1342
15303
13792
56899
42109
78198
92566
411
63600
4691
9971
2643
19051
15499
91842
86474
38
59271
6481
9618
70754
56039
82372
19324
490
6232
9477
83586
22452
58866
80217
657
22503
2992
68205
75186
43543
95916
61263
19219
31595
1526
31033
44598
42688
67665
32969
98549
14214
97707
57516
34001
37640
39543
54712
47222
45833
29449
68409
33868
66890
26925
38211
32253
43848
45124
82406
9918
23554
9244
57696
20763
22968
82410
98988
24804
33743
97991
55096
92238
8401
82437
276
23751
65073
97708
97414
7514
78892
92789
44219
58011
39787
95457
67704
22831
57893
48567
97934
56635
90177
33594
19212
18824
90841
50595
60846
77776
81979
85535
98164
72776
98217
11175
78093
97513
88768
89912
23538
46556
76437
33103
86479
32834
57371
71459
65564
30173
73922
19998
27722
19935
40697
59833
8664
57325
69460
67284
55973
3503
360
44591
14176
48823
49555
95335
52892
94827
10138
37616
10847
30321
91722
62059
70361
37878
67359
8645
99122
48282
84131
71628
77180
64604
69838
93135
85640
7134
36587
91281
20020
33684
45884
81161
96706
52847
20788
97721
97380
28992
29346
81160
45619
38187
5325
22622
58590
53834
21499
5116
25983
4282
68300
2742
22826
33030
54339
70414
76544
48591
88260
13230
18336
90581
83064
61922
93756
77348
16302
43983
44617
95357
80381
87956
3504
80672
6436
45628
5281
73555
65458
84412
37288
56530
84481
111
72024
34227
17372
54796
52643
18068
80290
44512
41227
11108
48259
80878
62163
12138
62375
64128
75151
3894
82286
23080
25626
99266
48274
13687
47271
18405
33160
77881
25999
21300
29030
14220
60136
31829
22174
92315
37782
5665
80232
731
77755
14485
78655
52961
23595
84886
43425
56829
61531
32606
4986
7736
95255
6567
30170
76133
75698
99891
7522
72199
31480
80566
33599
7199
47040
40193
29165
12944
24061
49643
67868
23506
51380
53373
21968
43694
45735
68123
73186
34748
34032
23466
40580
18103
11593
44994
4738
20346
42248
86642
34692
96570
60041
3883
33360
21855
34691
15690
64044
42911
4604
16581
15329
64153
1432
55728
8923
87435
41421
20332
46381
27249
3762
50126
67217
8539
96854
49320
46285
28713
96588
67606
6577
2117
96228
16774
68413
77117
33109
74341
49376
94044
8631
76386
15739
71077
10093
52034
79395
43563
74719
97279
76261
62223
88742
9917
20324
75158
82208
62379
77023
57382
9411
51410
29582
35678
42926
34174
74666
80815
14715
88293
49036
66299
22801
66808
55021
57289
40598
76902
98381
43137
70498
62824
25232
38026
50190
3980
9250
92829
30795
21889
70875
16998
90192
80187
61630
5783
48427
89412
60731
89001
33432
41344
41557
9072
399
81723
3293
86105
88248
37809
11165
53379
96346
69977
76049
27351
11664
76271
68303
59845
19485
82204
47783
28060
94327
81445
17158
37382
47838
44621
3221
13406
83088
46952
4446
46639
36661
50813
61998
6154
9941
25494
57494
69091
47978
88615
43275
85673
41232
89753
75214
32352
8632
41778
47494
25437
6748
81571
42281
93597
93357
462
29946
91810
51400
25297
31180
11435
82887
44915
50756
86319
82867
91498
37532
69078
25239
74503
39780
58932
144
47007
4003
66467
37889
38262
75612
70204
80324
90090
76172
96913
62394
47001
7055
26666
66083
26481
8226
43354
77640
52626
64419
99997
88885
69249
55060
68688
42405
17676
23743
12141
18070
76949
90548
66498
10012
49309
29133
63469
52625
16622
60594
51990
70922
3236
75704
31913
36549
61817
20965
44046
16734
17165
86191
76583
84672
25807
30690
2757
14616
61066
95040
91815
20358
69742
19970
42737
49773
79257
12477
67525
82890
54818
74016
53440
68449
63170
63738
883
83954
48576
90712
48189
38411
30040
7436
2273
40951
91751
74089
37385
9428
20501
21195
56503
98210
94175
94035
55236
34519
98687
31120
41559
69232
64411
95641
9699
18082
77704
79607
49693
54255
46456
40640
2585
67443
15783
48830
37152
53022
72669
42574
97648
94620
22113
18372
44912
81840
61339
16587
3630
34432
88100
59370
21176
49577
42253
10370
35507
25522
46856
12117
96187
3263
56566
38081
9399
3356
38894
42921
16184
73209
4199
9652
71310
65589
8418
58158
59303
54643
21719
44525
52005
89834
69051
3983
14363
52024
4043
92735
27780
4086
94967
81590
16255
59046
14030
4094
42635
20392
23873
14257
15547
76237
23255
52640
14007
34403
29101
11151
37423
4943
59527
58718
65211
47257
35640
7331
53844
12577
55050
33651
10089
72303
7178
78623
1119
12936
6611
64827
81577
13501
91797
22810
70175
66653
97282
33877
63134
85866
31285
71050
23356
51465
69503
45729
98470
18099
95471
11818
16824
5833
73405
78850
42296
52964
83476
72501
41039
85994
56154
68253
1125
83101
11869
88616
56632
51885
22523
51960
18617
56878
21934
28131
8675
6372
12722
70555
82072
28730
56244
83976
53946
46803
64154
59185
35267
37431
3081
39898
97410
20303
60630
60936
26259
38828
5997
12415
76249
40994
62071
1036
17914
53874
25964
57823
59927
13924
25941
58287
90182
42259
40060
30626
49167
3811
60466
1796
10623
20590
37213
45012
30220
443
93340
13823
94342
56528
95385
26564
54550
90814
85642
34710
10614
24379
69315
60544
59821
6574
38875
99490
73925
39042
61593
56474
23434
31581
79260
78430
51105
15531
26916
92806
99426
65203
35680
57126
67092
35979
22165
60185
57284
45095
83719
21657
41729
50285
88551
96523
91351
22212
79610
17336
11271
1547
64801
1205
36575
51878
3850
72996
12315
57106
72787
29907
54391
14874
65174
80579
48495
81058
45749
67299
90038
55617
67075
89498
54704
62540
83661
8356
48204
89804
89827
3732
21217
59857
58087
99767
80163
66913
24785
51673
57794
34281
57052
56993
62656
59732
73297
44663
1453
11449
10446
85542
96225
96302
71474
42141
33941
93915
31975
85711
22686
90634
58989
4634
76518
72346
58943
52965
23305
56786
58660
64834
39114
27698
61205
52339
81488
96806
11526
38984
72256
49620
75218
92455
73240
22836
84231
32677
99748
87775
90571
70608
3585
71584
86570
23407
66252
85224
51517
57729
29286
42398
35801
24482
32007
76050
48689
37676
95803
95122
28808
666
30141
70166
80119
23176
37935
61750
25015
44342
13875
90204
32748
53899
617
52276
28655
38775
40582
27264
71894
80400
57837
97799
71585
26078
3053
65901
45028
44530
18998
76542
39148
17
96440
9956
40272
22190
57435
12313
62966
8789
50037
22038
18270
59493
47979
49641
74479
42709
17927
16101
22652
22391
74738
46259
39347
80473
79567
83015
62882
19080
94740
54126
98854
66095
41637
71458
27473
87294
47503
41408
24535
99718
91390
95889
64982
41792
12475
96356
21791
23725
63653
83357
15141
94264
45162
3878
90433
6584
995
85251
61023
94802
90602
47844
10121
63195
86488
21460
64879
14906
21791
42159
19407
63820
94881
13072
74310
16161
37356
94951
33107
72004
43730
44042
41028
67737
83401
92451
61376
99582
75387
38855
64592
69044
47371
94310
54410
10999
20101
35806
70940
55848
21216
38378
89842
94380
17140
58360
87076
4493
36018
62008
76318
13566
98980
19377
36973
54332
71873
32589
11875
47248
48205
92661
50088
83857
67371
66551
66621
17287
25856
15619
87502
3274
12454
99926
96339
73001
54409
40045
11426
48390
56001
46395
24181
15326
32653
52949
31412
88999
52872
87851
82591
34418
59851
15697
77179
8879
42111
34972
24598
39856
36861
8040
89847
60262
84804
52949
59431
74119
44021
58643
66614
978
78382
17458
43820
35561
47522
96636
98925
46044
36754
40062
83752
95591
1066
72705
52540
59281
37178
42135
77544
62869
35727
76433
60781
70366
48878
37518
70497
86700
16396
91981
62419
6451
45
59971
75927
28898
79959
59048
13069
92737
35698
17548
52626
75763
4222
79399
22274
56027
30929
65902
22471
31355
98348
91458
68675
62424
80824
25538
26007
45881
88450
56096
78062
21775
20529
93745
34793
31310
20000
19966
8679
6040
81212
18072
27344
21179
99771
28360
45406
30001
45015
30981
88745
54854
16582
26334
54829
60215
55799
18775
30779
34645
25771
82512
13241
28008
46350
10689
70998
14096
40977
41890
8046
45255
14373
70214
54998
74531
28725
12904
48805
39511
28704
8830
3360
25
81298
67306
93984
35294
41439
23504
24673
46370
13499
73217
18538
85668
79769
7605
16564
19757
35261
33112
72920
38737
45344
54875
48794
89390
98272
88875
12236
98961
2337
65983
95136
17817
77028
99370
31438
28467
13283
39857
43710
13636
61382
2839
97939
6757
77861
83603
9109
15912
57690
73315
38616
90041
51041
16154
63118
79904
62608
63349
65638
33475
52685
715
48831
63369
55217
54370
40493
30777
99383
60511
41094
18048
17536
405
78154
43793
45094
2431
2253
47462
40507
21512
21123
18277
25725
65063
35910
36895
48792
92329
20327
83058
71097
93542
81807
63053
49899
18006
91088
13012
61328
84060
6189
15353
50972
11008
78978
77258
61617
1179
18546
8683
87059
22987
26443
34232
87976
39911
30712
17580
20398
5356
26883
45280
12728
31605
1444
10731
8454
2985
75243
53095
88097
5038
10694
72404
8240
20700
34095
18166
48825
96621
6869
60730
33239
98576
98342
79638
4117
41276
11414
99822
57252
2626
34254
20338
80319
44987
54292
43844
95608
8128
38034
24568
93630
377
3718
74133
89774
93997
16710
59992
48627
56152
75085
70967
20380
31067
82790
58819
20856
92844
4116
57158
1904
64558
8252
92748
76225
35164
21361
79551
79796
31039
52793
68490
43580
27104
50400
71295
49420
90966
44537
13012
43762
99072
43500
46759
23316
1231
1
62403
63429
25883
4264
51195
25956
82934
67618
15410
1010
80797
88815
99869
43726
50378
34549
59137
36718
67431
70377
18358
97308
98813
58814
88013
59115
29770
24519
76622
86132
37329
49514
16121
75665
69451
72772
79374
44885
6364
99603
66793
16519
68353
81155
31461
10009
92516
95800
85825
62697
48594
16021
15679
76851
41156
82664
95113
304
99353
39474
13007
47664
67077
55574
9099
92848
20866
77436
3622
34487
38149
71107
88467
22803
3852
53441
3353
72747
36979
26072
30414
67296
30213
88888
27358
26853
1808
67946
8299
58808
17425
59744
29742
92924
95663
29207
10748
56500
99875
23334
85317
15934
15765
39462
50485
17770
11074
96957
86717
97014
20729
95560
75404
28615
80869
43109
3382
19622
95428
41595
63319
23540
92311
88838
55697
90508
88114
70594
18096
61972
68627
10260
35727
5982
11919
58768
11572
52449
96424
34730
94358
57007
32187
35388
58655
18739
89493
43345
8268
98666
48902
3948
3057
53307
21421
83224
64857
59699
61363
53548
24427
80641
84405
64698
72777
88619
13464
83989
23506
1675
85793
48733
27655
56554
22332
19945
91403
96472
49626
11567
57763
76037
66072
10226
88957
43134
8186
12233
95469
5319
64310
3112
2001
65873
52749
15181
56790
48089
56468
56138
99509
99581
24305
31530
19701
6523
20002
64193
75732
71080
78486
26516
76512
49386
50367
24130
63711
86067
16543
76846
38158
82266
82047
69738
73383
888
62399
56641
52699
59835
91975
48737
55743
72266
17244
35012
22116
19190
13327
4826
81566
9689
57967
46580
45542
7599
14559
67151
25275
23181
80929
32954
38659
27810
13618
96582
29551
10248
20623
94634
22172
26471
36853
66448
87894
17031
31975
41696
75479
90319
22792
29094
74061
66623
28680
34402
58138
74374
28283
58252
21333
27425
4773
6210
87757
72625
57586
17968
87566
33400
54018
76667
52892
35183
24513
68490
2620
66215
26581
69585
19666
65498
3952
20187
35109
9229
4038
39507
12703
91333
3640
32911
22385
8386
18255
11354
38419
72412
85604
32733
9480
12761
26043
52457
90720
80297
91665
44227
49495
10174
88554
81356
22395
30667
41773
19468
86186
27287
71980
48059
63066
53534
53146
85228
29747
14405
69857
81366
48503
49080
74732
10623
46337
21857
70975
74120
39819
70791
93863
31791
42409
41345
81963
10757
33203
32181
25569
87021
17889
93618
84030
41581
76846
71942
67525
56693
96767
43037
79073
31913
95933
36151
78702
88044
92477
30020
10001
23403
82017
55806
46407
54275
14168
20963
57499
44272
19168
55662
99217
77171
24588
40977
30112
88222
78304
66289
84093
80735
35897
12382
90194
37512
5002
68334
57933
82391
48577
88885
67380
95207
15080
84162
6615
49905
78791
68761
85470
99872
76998
54504
8321
50672
11184
2729
18935
93922
55860
88659
38501
41215
37093
59005
69016
42982
30657
6128
62958
44788
11343
2632
85103
26383
91969
12679
32377
68847
8761
60854
2617
48458
45096
49753
88053
12570
37682
73581
25893
20716
15725
10176
45443
86696
39367
47661
69816
35672
31911
41075
78485
13175
55596
58385
74083
62584
13619
3233
49394
47632
52692
28590
81870
65089
90123
97875
66192
74148
5044
1393
99377
44817
18447
36524
58937
24078
48260
20195
8757
36626
90656
85098
4518
56629
59357
20230
58198
70390
40927
48484
76454
84808
86171
69366
81347
70074
60818
13547
39544
24194
40507
29866
14460
1957
47103
90347
10635
51653
4574
78258
42163
36167
3247
54952
14469
69088
37668
50680
42283
23965
40140
69987
44921
92331
70322
92993
69116
1737
32674
93045
32847
69640
29836
72299
70540
37915
87329
67760
82431
8001
49978
85070
87702
81133
81017
42659
64789
52430
37671
44829
5671
14976
14748
63220
41678
64526
90716
41668
41659
97281
87167
8997
80121
74826
12553
89064
85412
11720
77368
14577
86007
56535
43869
84652
93827
57461
9089
48333
18075
67186
24168
12072
19692
40819
25491
64041
97227
91971
73183
65618
67174
68855
75
23983
4860
66364
40472
59670
51528
89568
15241
43936
94936
2233
44393
41983
41437
57142
81419
48060
99451
90848
10093
66734
88832
67052
72982
11128
28050
25664
45374
57887
75392
89599
42349
24550
40890
52979
35675
76777
86813
5878
88759
22707
18310
64157
22499
31452
24616
24162
74012
7810
33721
74636
26520
866
17734
13405
23144
64435
9671
49624
58877
22784
86702
42188
28423
39488
35736
65666
89784
51156
13062
16959
62663
13756
74085
78262
23792
48118
63593
50222
16376
14164
81209
24202
57711
67832
36451
1435
95278
37871
54928
7551
8032
5352
22386
8179
44381
64048
7226
72573
51985
5899
34567
89103
70364
90768
73144
37752
16242
16321
47715
51341
30082
52966
56254
47983
28276
76997
47770
58457
56460
65984
70095
86985
7403
58284
54162
21736
1556
82889
20964
36216
54572
14274
87716
8217
48347
7043
68485
215
47343
88402
57818
94228
32863
72076
26157
94894
24557
21213
85615
32172
82341
74170
18121
71978
67842
82431
16594
47807
41040
35456
19161
43527
59948
92238
78242
94962
55047
85897
82414
46760
41833
57116
40626
34359
11699
39226
92778
25082
33533
27986
11878
94280
38749
81009
76066
6103
45673
70165
42452
57387
12692
43594
68447
27294
32564
87427
38500
41421
3461
1526
31576
75229
56038
7220
91472
89353
26848
20451
56472
39209
83239
61690
40676
40320
62393
16697
48702
40322
43300
44355
97438
59936
37764
48889
95512
29618
95850
53620
54158
16799
58104
94046
13638
29068
72776
49933
5399
7711
19469
68093
60797
38894
17073
16745
99148
76617
47901
97510
12800
22017
97399
29116
17715
180
13318
14146
56200
3926
63121
56277
12805
80188
96645
11476
42750
58376
40309
76443
89419
54605
30044
29371
35899
62046
69598
10898
19458
38039
32076
94348
11918
21703
85830
50773
30455
61113
251
98105
43381
60893
22668
98139
72908
11416
54127
51310
77474
20389
11600
47123
75857
76678
7825
50064
24567
67595
78129
18537
49098
58269
2731
24606
87530
66312
5781
21537
79087
51523
34889
81714
28257
52925
96833
4825
50919
18150
62683
29023
50327
75671
98684
16137
45899
2143
29201
45937
6965
95115
24752
89635
39561
38192
70141
90962
24185
59224
70633
51508
46014
28647
77012
63873
56817
17002
53363
85219
48858
6363
92077
46170
87904
74674
29247
6223
3295
17995
39776
54803
20600
39248
17886
41427
24386
34084
46727
90650
98302
43340
27108
28931
81928
39929
28607
26969
96073
76214
74406
49966
49098
14474
2088
52724
67203
40011
79932
39003
43793
33472
58209
5384
68294
99024
4287
17486
22745
9324
73004
55307
75583
14422
58443
43234
48946
1805
74607
6480
19085
14134
63326
37453
47738
43561
46672
25345
27938
20852
81047
11681
23780
86032
32696
99525
17601
25630
51415
21415
83347
40509
84465
46841
59230
61132
42434
61859
84799
12054
10696
59289
90721
5983
39967
48853
26254
82057
69834
5302
72002
81411
81651
47508
41019
53711
79338
96734
20941
46959
94826
66994
21171
19787
92025
47385
90560
73569
77262
64348
17331
52009
56620
92679
57608
11940
57389
74297
88779
46657
7994
5157
18919
72235
36982
12776
65533
22579
22203
91943
81904
70485
41468
19300
92637
27945
3401
74460
29352
11209
11249
81153
98162
83962
62242
20975
22471
37945
92588
60813
77907
13923
14883
87683
30197
37472
36131
18258
64331
27853
31630
15731
52941
15749
50577
54160
65494
20076
8997
22937
41308
55704
93232
7941
3009
93148
77068
64614
22658
27826
5856
85862
17772
55524
25642
68259
42511
41431
4894
72709
10891
53908
31528
42232
15719
74228
5069
23051
92544
83880
21296
46659
61470
23074
24976
55452
87651
41284
32654
31582
76700
39267
59661
61944
86586
62295
78034
36667
35194
60034
16171
73653
72128
53210
86668
70441
43811
64213
64308
52680
14689
75952
84430
21582
82995
44412
34195
93083
72188
77253
86605
6700
67771
34752
36983
90197
18335
2737
5568
84126
21018
60759
88110
97399
94574
26036
11807
96857
62501
65916
19946
53787
509
79769
49828
77518
89183
38680
575
26133
1072
14069
30381
19492
29761
23646
55650
48851
32065
74118
89623
88095
24115
29224
79115
26335
88186
21014
40676
26942
41872
47805
82195
42617
96918
43543
23926
95030
8966
88620
67798
3263
47780
61093
58705
40026
52019
50064
47538
30662
75844
88009
79708
63956
30248
53451
64934
75455
56519
43603
85984
45194
3370
11532
72947
59029
85554
37885
98311
74715
68491
74155
94110
55724
11611
4300
51837
71585
54005
17418
48235
62369
27242
95599
9202
43631
91519
85587
65443
41710
24537
18112
59286
40402
10581
38782
82030
13636
50228
11584
33691
67858
62387
25257
85113
64912
91833
94620
54038
32943
29546
75104
20753
93272
14169
14732
44638
4742
36122
12244
88102
83389
65621
12368
47275
42346
71606
27781
10185
27801
13633
50835
13719
30413
6658
34203
85229
32768
3011
33386
30304
41239
75479
9158
40649
31232
4788
14963
65059
8459
30654
85955
17331
56930
22429
44856
80642
75302
78480
31735
95302
24680
21595
107
63327
40257
80444
3635
51389
44015
38748
80329
21182
33516
26369
25872
62357
45900
85087
55289
89382
55187
34894
14290
57038
49168
30743
38156
44896
92186
72649
83143
58090
42054
29288
57532
42582
33986
11045
17543
16204
14897
38248
78799
6677
56164
53481
57619
30586
4913
58367
59762
84779
16242
39952
44695
68123
52540
33383
7680
67401
27386
80195
40169
96410
65382
396
95450
52225
43460
49696
51817
17024
17403
3180
1645
86472
91121
39030
47169
25757
95554
28599
45777
92245
32412
47942
72389
91839
33849
49935
60231
8000
44698
58659
51601
33624
82653
26473
55480
80131
51899
59794
89487
67292
40929
35594
47034
36540
84584
47370
34096
18016
41011
7595
79563
11176
74053
4213
62224
86364
62332
69269
13397
49769
53006
46317
60212
97385
6622
24677
72523
46881
31483
92095
75532
75556
11190
89672
24104
80180
63421
36875
36019
57192
71289
22399
27732
23145
80640
69217
91724
63703
51416
63260
73824
54985
86249
55748
22820
5266
6270
22979
67622
72126
84152
92491
27317
21243
13870
13706
52076
2741
52196
87003
86654
36730
76135
46488
86975
89148
31043
77517
9965
74388
37761
57897
36314
72164
16545
86222
23479
95285
36463
23751
89886
7359
12965
60281
99068
81863
61053
22258
83801
66306
12497
33342
30341
11800
72369
82137
64545
84164
62432
1855
48456
27096
61420
25598
90872
26557
64296
64013
64992
95992
76840
71190
45511
73127
51384
89966
20214
47787
24024
91270
11940
64288
48280
81370
58909
73160
89708
64710
98510
41670
97901
55289
687
19589
65036
34913
87053
43481
43347
87078
55443
26973
19834
48051
53844
64539
17443
14
6008
88459
28979
32393
28513
45171
69997
48305
55961
91532
7468
36356
12441
84517
59196
14752
2744
24705
45110
19542
69774
71451
17591
10237
58596
20682
16987
41634
61627
57439
93147
39485
38229
8075
88289
24864
19907
76158
2723
14504
79724
37866
85860
90678
64599
31174
39107
82679
97046
18478
55005
57567
72431
7336
27206
3893
51879
74689
76287
55432
18861
52054
50772
52703
71009
18095
38070
44845
31615
41381
75088
21187
58988
19396
4776
86816
9532
6572
38836
53700
51869
63313
90837
35426
50659
52131
10005
87859
84721
10792
64953
75559
72609
964
31427
21783
90384
15579
66022
99478
33833
14605
83014
61350
89228
77120
11628
52742
88763
10076
85156
84809
58337
86127
34771
38434
71519
68753
74168
51291
44469
60769
81501
64614
62665
72654
56058
28842
11542
11059
78278
74751
75028
48250
99675
64180
43712
961
74789
56077
70377
73593
61607
56139
86966
58698
77419
26052
94263
23285
67971
2449
35238
11826
544
43014
570
1272
90606
69020
2760
15067
56522
8202
52725
38799
29441
60083
19389
18922
15271
47768
97561
74920
66641
33326
5329
5704
30351
17354
20990
73524
17257
84441
53658
45982
52277
83309
79431
37381
25362
64945
25016
5015
52229
22621
37664
73936
8045
51781
79509
91361
60357
40587
36993
90284
7829
87766
86085
2380
68661
12186
75369
79345
74368
4438
41060
84424
9297
71837
5445
68570
6588
60940
51132
18027
5771
51867
49768
56066
77555
86159
31038
42761
73587
27787
68882
56842
68297
18470
94374
96089
49169
20632
33004
7537
20346
49006
63385
82422
6215
70781
9288
41050
18815
24339
65991
24123
88177
27688
71138
25801
25799
46644
31499
65925
75878
83739
46051
68709
60160
31811
47336
17525
89494
95462
79866
91159
45901
74531
56843
74475
35787
45678
10019
85705
19406
6408
97229
58059
80330
42313
41666
92648
51549
64569
67088
155
24753
8511
92774
52130
3021
90161
73119
68643
4536
23850
71432
52552
107
87545
46576
20971
57714
40502
9803
75949
20031
95919
27011
84351
11306
55681
95451
67556
8617
65539
7393
10766
50120
52539
38064
76069
36646
67476
5535
98342
42188
38407
72714
78984
52457
81910
32954
6970
55023
7512
77620
91911
24164
97742
97787
49884
81318
11156
10658
35360
44895
3956
15026
60834
86528
83348
57908
38161
25981
22831
61853
71236
72677
52897
46163
94650
39004
82236
16287
38715
66646
13592
76369
49150
60562
85831
88458
89828
14865
44935
171
45441
67474
14320
48216
18875
72652
3437
17352
4330
359
17383
7179
91456
60791
19165
4120
5442
54550
95120
7410
14292
83932
85019
13559
980
89118
85024
97093
86556
43776
22173
66633
25930
55544
67037
36549
7805
49153
39146
5181
92950
17752
63745
85631
3198
42679
23198
29261
19942
81772
50262
93032
53640
76181
30596
53626
54381
35386
58043
59455
14568
22342
17754
98289
83424
30179
93821
33327
22540
60242
33520
68458
8886
99684
67838
87148
95361
18232
20648
86629
43175
95314
98450
36019
88251
10931
1335
68301
43182
64795
21308
77868
40301
57880
3650
94615
9895
24745
79253
53641
23468
33491
93794
72353
89392
3775
39653
30150
33871
98991
29728
25685
99435
22939
13895
14088
61169
54221
14040
66853
98458
36469
553
51296
6061
18665
1050
1934
71330
8412
27593
43783
47617
47001
39108
76183
85416
52477
9048
16321
30795
4335
76136
90288
91382
47069
10042
9788
17486
81940
74956
13429
8918
94843
29700
81168
52494
28365
69893
58699
58293
30417
41020
52733
95695
9400
6618
54879
71105
48498
97885
32050
8441
62253
97255
47628
8331
79723
86767
91714
57974
5758
36502
40627
96742
8195
42386
11118
76114
35961
81415
36289
83621
33788
25972
12960
87770
76258
90537
81934
68608
30066
11670
38347
16605
92988
16606
79802
67055
28792
41994
59598
30381
57311
21370
19345
81517
30496
55799
46256
58079
37568
28100
40421
7445
2385
10899
63554
60230
46637
88628
92376
4840
98416
36583
25666
10203
97264
10290
92465
3653
3130
51183
31572
69400
39785
26877
21091
75983
73701
10679
53513
11671
42934
82049
55243
9355
83076
55646
95257
33271
96045
81631
78288
99902
14050
92502
24490
65591
27390
41800
2467
32530
27203
25697
31784
90649
70483
63970
89406
6353
19720
25653
23276
17376
93840
41697
17223
55176
88393
43321
88760
83185
89525
54734
40459
83685
85338
54917
60695
73621
44697
88804
9861
52665
76328
71749
16415
31445
72526
45677
20086
44311
97531
54902
34128
25724
23394
10600
13484
12786
7028
10951
42195
54360
45625
66438
76349
33442
24013
51097
19517
34905
61749
25736
65258
43007
56061
79167
1931
82064
43088
75618
81343
81828
28915
25566
5894
49617
38302
13627
60879
58765
45752
97230
90014
10673
51566
61354
44313
84825
11247
57846
21584
70183
38183
94586
37896
83144
67574
45331
64450
27310
52525
16774
46540
17661
72036
80369
59587
8065
40155
77917
42211
70556
62827
43504
63886
71870
41863
46750
23893
47532
46965
91744
38373
12771
57539
13245
80944
83223
19079
59748
8631
13172
87320
96796
14034
70309
72002
83635
32956
55634
2378
55026
6845
40292
32831
64690
59445
76772
13689
96679
88834
81858
91505
31802
54319
32466
77851
61365
61049
71856
70404
74744
40382
9316
56645
9928
57828
84416
87265
97927
50084
18023
4449
36767
44817
59656
84745
57079
28713
80519
89335
1608
29015
25117
8759
52841
35649
78006
46886
32711
54293
24088
60097
87729
41803
92899
60969
4527
98039
14580
59477
7730
64847
60515
70836
79526
59923
42765
56990
4997
80253
94988
95285
29285
30374
46273
50717
7633
11281
63572
21941
97718
39097
85715
31090
9587
86419
62806
6039
48948
83935
20835
91890
13752
58417
95276
99893
42413
14422
50902
58416
79070
84869
79605
43112
291
72931
21523
78070
87062
95027
44912
88894
1734
37304
82948
86058
91812
18280
93439
78915
54107
84208
56017
2028
8861
10622
59877
32091
62808
23663
59048
60724
31463
74581
24392
8739
89284
3171
99703
54934
94460
52569
19375
2165
6171
55975
63023
47007
10822
26080
35300
3970
19688
86045
64803
72214
39108
74410
59826
91831
33161
38673
38726
33310
15428
16321
87175
60699
73646
24506
55952
28688
81606
7864
15571
58508
65338
39002
22041
57123
74559
28302
18631
26343
73504
68731
92860
34118
80978
9706
22583
83071
27782
29617
15349
58593
20056
22301
2904
6883
75109
78460
38979
34874
793
65381
59777
73498
44294
90500
61862
86859
18961
4326
7629
93607
83558
38877
40385
71278
54667
18480
30040
60423
16402
40867
60120
38835
11112
40766
79837
39343
17963
43932
86451
19910
14777
18931
97374
59120
41571
22490
1529
51468
97792
36572
6779
28405
79614
85464
74805
41187
33459
4626
27896
70401
13266
59514
23732
99783
21657
48823
4316
62996
76486
94479
50341
58057
93866
41750
72780
4068
52918
90704
83159
79928
91282
14948
83156
70374
63820
16640
22461
76986
11150
55171
15389
51812
7336
77515
845
87696
65100
91068
14167
75205
40825
22729
92284
98775
50767
81410
15377
55146
3426
40218
1539
48164
91753
86931
75451
5260
98133
32680
84861
94245
10847
11703
26378
88033
33690
32682
7430
63204
96168
20289
64340
25495
55753
57405
39837
77508
46221
21515
51215
85013
91755
2731
60898
10820
11850
33468
17078
65214
99036
97061
19448
13849
86411
61251
27267
85742
89548
72234
3363
84757
81712
69498
91989
28029
75992
45600
25323
56868
36169
28101
88012
42809
15317
72855
35255
99211
82329
77938
66119
32621
37990
9099
92114
51594
34454
19257
2508
58367
24192
68160
11530
43641
99303
73211
44864
56107
47244
96837
73003
96651
18628
79173
40394
60298
60389
52404
43367
17839
56090
35403
12884
15120
71189
74702
79761
42124
11556
81071
60713
32199
28252
35008
82172
53986
62034
5593
90904
36598
34601
39554
83296
39789
5765
82717
46671
6302
5886
39092
94549
5187
89200
60314
45248
40504
36687
98817
26358
66066
98520
67415
42815
73594
56611
83133
70111
41509
7573
16903
3713
93681
94897
41257
48975
74302
32142
25027
74909
62054
73828
34187
43430
45914
73440
3700
26191
71867
68247
55864
67303
56786
67960
69191
32592
93548
39993
90732
8151
23734
11539
35864
85854
76177
29162
75694
19356
13073
86276
91146
55130
14040
46300
59983
37598
94506
80430
52459
59940
30060
41970
81865
89032
30462
84454
37202
91265
51347
77347
78625
42407
37993
97842
55874
47893
17833
11703
82630
29161
49628
60139
82918
17161
82215
59912
16338
57824
19493
26462
74357
55845
63424
3171
62790
91516
77548
22502
71213
21494
23008
98660
5711
14772
28210
24276
85241
90665
48493
33885
78405
24445
97137
42087
74572
85421
67592
66766
43272
45520
24544
12435
97956
46261
14154
98990
28259
18728
10254
49758
72170
59219
32329
14240
96107
38113
93924
14142
83151
12478
52690
24542
75455
87770
38022
74908
67790
1388
33326
42098
22630
28435
71888
51795
32846
53112
44511
1943
72278
24687
40602
99120
8223
78557
48609
61468
90729
89683
99989
15955
39545
35896
97355
50496
18023
27749
73133
40941
84322
30025
88813
7479
22272
15341
2727
8160
71974
8466
10610
8387
32145
60310
12610
51394
92958
71702
46973
90843
12316
44429
83095
38105
11788
41211
90605
26407
94130
98657
97883
97855
37947
32264
43770
13280
28394
87073
74458
20959
68865
5543
16183
29812
76168
57472
46811
74101
48509
11075
33488
449
71257
40980
98848
31730
85115
3147
75051
8501
45491
37234
77956
88662
47757
35917
26953
76948
247
9395
62173
22515
13297
54683
73667
4337
65904
39538
93625
74640
93455
19177
36655
91474
3091
93195
83906
13955
59066
3436
3130
44816
73823
60381
68316
4277
47148
54395
11340
25812
412
73033
58723
26786
49163
4338
85513
55739
12733
41680
95280
54870
17480
86090
58028
21203
28576
79671
76914
55696
72157
93794
46956
91067
59562
32870
17335
69378
64940
91288
87609
79366
96525
57412
8258
62382
90788
99728
45406
3512
5187
24957
38356
32874
29885
12939
62174
64487
80018
80700
36261
11709
3480
18417
6552
3162
58727
59472
10441
15391
87745
39911
91236
56205
69373
54282
71021
55228
95887
53689
26997
36811
18037
53021
71480
98865
62144
19345
38326
85266
48285
76829
16621
76845
63487
5117
85295
93458
32331
81696
2661
91249
94464
85068
98016
47469
14465
13151
36087
93872
40768
42609
78082
8600
6600
75157
40690
70959
60679
60478
34091
32920
97974
25694
58687
75749
27111
97738
81992
14598
68394
68121
54209
12220
70140
34379
38625
38859
9708
68615
18198
93485
33931
96316
65818
73572
66448
8425
91828
19688
17317
38936
99214
3390
35953
38820
88622
5801
56067
8156
31924
56154
20151
5568
56847
99331
93833
35464
45116
44426
82227
65604
84284
87801
11780
62110
29264
82738
43744
42492
25204
6847
40910
29985
12085
70407
64418
14675
98000
80797
47143
9559
48169
17907
20520
67512
30597
18508
5851
37159
89412
21646
88458
4893
82334
10934
62048
30043
32025
19910
63821
39794
15396
29561
62870
99743
52787
83383
38268
89934
96984
98948
71559
14719
64730
32403
12750
70758
74741
30425
63462
56716
31726
3932
77029
86516
12528
34185
41905
66936
40456
11204
92138
64048
36153
9498
22225
18484
26173
19059
5108
83482
35418
5956
1943
97433
74268
45920
73696
70990
60244
89134
28798
54555
79213
74166
1399
86029
90022
10966
42029
9751
51025
12913
78893
67610
63016
87302
31764
87014
62310
32510
2397
71194
11625
86175
68747
80711
55074
63166
69616
32115
38102
35057
10648
15001
89141
43106
75029
83405
78932
45888
94407
35005
8649
17680
5191
72595
17507
98656
56401
88984
52483
10972
84396
55347
30874
30618
20632
35438
59937
3215
22834
20025
11119
2149
87494
38344
64059
17860
49266
22871
52558
68204
77043
38478
41475
91877
94639
81920
5407
33550
41822
7213
95271
12562
89909
81160
38978
344
10512
80370
25068
19193
76348
64485
34195
88621
19038
67821
9714
42526
66467
23504
59400
65886
62405
89071
39476
49525
10135
62084
27407
15538
18862
98667
59942
24162
76300
31614
52723
17631
87465
56120
57271
27295
1984
34747
61686
89006
89907
13452
48495
94326
48412
57244
27990
22170
77234
11202
29359
69986
48788
26948
38569
62321
45589
33429
96405
67730
41476
2104
14498
65105
99830
69666
77655
34150
41106
63166
77996
40716
5369
94442
83045
84591
63729
26718
50475
12740
93516
25005
93289
37746
7577
7715
25440
80782
54055
94223
25991
13190
61201
37019
96579
51027
18635
96502
25343
89873
5224
17138
67688
17482
88421
60201
80808
19022
46965
41306
33949
7263
77993
96818
36756
93257
10651
72966
99271
98063
3928
70749
47985
37856
67209
13450
78666
31593
88572
51414
32196
39460
25492
35388
90848
33517
96169
97230
88621
91733
11132
64086
46878
78736
21884
47478
31079
5866
9262
38673
45268
72374
24445
30914
8742
41510
6046
68586
24139
11958
50238
84200
10361
67171
45770
10688
65254
47386
17467
65566
22951
7754
62844
4179
2467
2715
98329
7390
72339
72280
77926
40839
47673
76328
77705
25252
35610
60827
4133
59774
29562
8064
89923
45902
78130
88307
64575
91649
48144
42002
26317
53787
71947
55665
80103
61751
69824
98948
16404
74668
33199
55354
63094
67308
74668
41769
30415
60678
88162
19332
50033
66379
23850
5417
9729
59854
43908
83030
53287
27172
14096
55292
181
96298
38540
90444
39858
56774
20170
57230
84609
89254
61964
99345
97235
33957
90047
11709
92261
13100
33969
62243
62807
24309
40689
40310
10763
16074
17794
97715
74198
62668
46971
68731
41222
43760
79006
35649
73616
39363
35443
11327
54581
95631
90880
83619
81776
70997
37287
35527
1087
74778
80060
10494
79467
20575
56961
63530
92885
86824
28449
2795
91167
15422
9733
64786
97045
10255
35414
77555
43894
67539
53840
95225
92515
66794
62750
87411
68162
20961
21464
54924
38223
71348
45270
81401
44864
36877
20784
62987
22259
96330
31092
99908
96471
16189
13858
58598
86260
10093
92455
94983
12248
37625
41268
14753
63518
86013
46651
25733
26013
44909
61670
18672
6986
84670
35444
63094
37035
67684
78256
30459
28026
31798
61039
20129
79314
97230
99334
63963
54360
69452
13702
15679
79081
41818
17973
15994
90844
24427
86442
79998
89268
42204
6693
84343
10501
90620
28712
70075
13216
72872
8054
40095
85020
73999
23655
7974
47011
13876
14245
51796
85366
44018
55078
41089
80446
67706
43782
87306
66416
39959
44032
16129
93212
76627
23080
52612
74451
22834
29033
7243
38482
72156
22038
54683
11151
34553
46191
25432
18655
43348
54002
75607
92833
95106
1147
46737
74859
88476
93114
76371
99759
8551
55312
64690
87593
17941
46469
70300
18216
84100
97096
76682
86006
37605
53572
25426
61510
29143
67932
41753
36857
4530
51107
89446
86765
71775
16986
36529
38051
46020
70375
4378
50923
58462
29902
21206
40622
22503
70703
80451
72824
81815
16795
11165
56416
97126
48340
19498
44693
44847
75873
81647
55750
18513
75499
16518
65166
20623
22870
70791
76667
8375
82399
64419
87354
69600
49103
8495
20960
78380
51161
44925
47287
12973
37174
52295
81347
86980
8282
42981
81136
55972
44114
53566
94234
22805
83549
42970
34329
63189
99012
31862
55559
1816
85879
47825
90158
43216
74950
42851
83155
7753
94936
44846
88921
73227
876
37132
46100
95138
5322
7944
32715
84954
51492
38281
32777
97379
77646
78696
70112
88468
96759
30722
7546
2828
6307
23913
84317
54868
4647
62230
18490
99233
16161
39097
79475
97237
15377
62161
51207
6501
80919
7478
61787
11765
21162
43092
93702
73311
16306
61554
89721
94802
81732
67536
54889
70135
82840
31312
18298
8559
3399
58282
91050
30169
78182
64195
88760
8624
10714
39385
71087
4368
48119
7829
75954
95673
38425
47139
77606
20556
67582
77661
84598
63218
30590
16867
51591
36604
68328
2567
85850
41445
19098
70405
39191
55348
84540
10448
31387
32030
5402
31656
20801
57416
15900
44711
67686
96458
23204
45050
5276
87502
11108
41453
76397
82040
45273
48575
17290
24864
38919
85877
60719
98906
71635
99978
45876
65559
54903
75972
99251
324
9797
94594
52592
62928
44956
20369
92490
55148
46176
67230
11965
34122
1689
91814
35953
33768
88170
42569
24675
71846
56939
18332
26382
21810
42310
86622
88886
30789
747
24035
62513
56615
70352
32332
95122
10125
11305
21175
5458
92451
85087
65778
47165
16900
99760
82571
43575
18758
14628
88291
47689
46227
96167
43458
51404
9809
21511
20996
30961
96931
4236
89328
79050
457
69551
41609
87896
30563
19576
5149
5554
17651
8376
56923
14159
69247
43263
70817
43153
4693
30171
25236
63246
89258
18511
82153
74268
60347
5547
88800
53336
65237
45901
36624
90643
79823
81204
71581
91097
35925
71293
57190
21919
20608
62492
63675
9416
48160
4633
83244
53941
83931
75876
90205
60903
62960
96726
29686
37618
65460
86342
14838
61920
29054
33636
52007
9374
43614
32373
21036
25191
12071
50124
97879
71435
57870
88418
18776
5532
43658
91089
82192
12629
71099
89395
69124
89704
45608
53937
24332
79138
71712
4747
70986
22396
38594
33316
35544
25377
23576
89830
34971
69591
47646
64025
45524
43852
70945
43771
45845
83071
38114
77213
22289
87559
39385
12378
2763
34980
94327
85685
91120
39136
96036
16846
38945
84322
75814
98848
93833
4783
76771
96538
54925
72861
86238
18808
13537
92757
84221
17629
35415
87716
79307
48111
45170
39582
51801
2479
37273
92080
5920
64180
40871
75713
86466
71043
16766
99555
91918
3853
66684
7132
6498
23877
85030
23852
31338
50492
42818
17626
454
18235
2945
40095
68778
25821
77368
55055
94656
46470
90255
6527
99528
72259
44338
78391
40671
47199
61926
96982
67549
76544
20982
13116
11064
19164
30059
48857
5670
3547
38650
37263
57664
89898
21591
18086
96611
89945
51815
11020
24240
76050
45299
29350
91858
72374
94360
23928
69375
44918
65596
84269
88440
45035
96923
708
12907
85266
96351
55223
81560
51559
77198
21609
71024
48061
18717
6251
93401
79640
32514
43338
46542
17479
13000
84121
63427
23521
44988
30583
50279
11867
94276
75101
11042
44355
66702
19046
44477
75644
1222
66395
49313
34870
10850
11162
97784
12745
34584
90722
43120
91726
9999
81598
13950
11194
22322
54828
19263
62136
53089
19976
10521
23138
78978
39673
58080
11868
309
41528
34612
17709
94309
36121
5704
67674
48825
33144
90973
43809
93835
99201
15053
25551
38320
19675
69444
81598
74678
48978
53193
83759
80588
95647
65050
2528
8250
33495
5973
95338
92818
83949
18963
71737
67262
23268
47758
80328
51097
1494
8836
7289
86330
20986
91220
40335
71754
53077
89540
27784
13879
79647
75781
72313
50113
78257
52719
74728
14033
65800
294
85888
29610
20089
98078
81621
48343
76625
68410
85845
30276
48199
43855
27206
29961
74017
7208
95745
44929
53824
62147
80779
26105
44777
62200
28268
12227
41136
42746
44974
14186
93443
97686
25236
65920
42224
70488
12116
97940
31252
93933
59571
85055
40354
27652
1147
42813
66412
61453
17531
1720
91984
59395
63483
86560
87042
14694
29947
96888
67890
89856
44199
15146
92762
54058
74297
93370
55559
64391
47115
38039
80225
54062
94006
90670
73816
53573
34029
13657
55949
68744
97327
53109
12986
30921
35373
21681
3807
92146
89945
60130
30474
43430
30566
53011
85858
51813
56066
2586
99344
27982
86989
19110
61707
93887
68692
2676
90974
75159
4815
47201
20408
96637
70355
98266
98064
24826
23540
85327
54003
7073
17659
84166
69196
87086
27584
62059
46734
42540
25284
52933
36513
65553
76142
2692
17638
53028
27936
21527
89577
73247
33173
74970
93154
84463
58105
40012
58472
10840
87557
14046
78611
55126
87605
70824
9548
34174
360
30741
10899
30627
30612
1855
35405
36020
80579
81398
51400
2946
22670
1273
53772
13408
44500
42823
74975
6883
37975
34575
65653
2249
54323
65507
91027
12021
15739
37451
68382
53688
17491
70646
66725
1261
1700
24971
36360
95323
75551
81918
91683
16925
27441
19071
63643
8509
4063
62220
13059
56508
63423
50182
66123
74351
35794
3297
91718
30276
10754
58996
25847
15618
85683
87409
15672
93134
96073
64975
79590
32074
68759
87202
6284
16440
70591
88812
57770
37020
31275
54477
21633
36479
78374
7126
12190
18160
2231
10172
21953
52420
62299
43367
39497
37791
2719
15530
96031
13643
72791
85741
14139
20037
68222
76230
69270
33847
8746
2854
74285
80895
50379
9711
18798
39407
62016
30435
64803
92526
36437
38872
92760
74972
24317
69320
22282
66610
34089
38789
28366
15144
89442
87946
71900
58192
83816
33900
47254
82271
28967
85167
77656
72044
19379
87829
90558
1681
20673
84017
10348
56783
10817
83834
126
77934
67995
28699
97293
24705
22437
56327
57179
15592
95102
15434
69883
45871
22538
76634
4448
10996
95211
37996
16800
42022
99160
87043
20100
29672
26428
80932
14991
54645
29070
94245
84616
39646
27945
58243
38
12591
40807
87155
96024
78351
12031
72144
28494
63718
37559
15379
92231
49817
6088
16289
83383
27472
15309
50654
93333
32121
68231
44319
94847
78630
39761
75293
77226
15281
36250
79525
4650
57119
74916
67501
68857
70978
96984
95201
3592
87833
67236
34331
28576
57139
31539
62929
66867
13392
74599
25001
36964
26312
51637
11751
56400
69380
81820
94279
4119
69866
67972
79397
52331
81239
51119
4825
74964
15877
7615
91393
12541
77036
29796
58007
7263
73381
93504
40930
13511
34025
45241
94056
34726
83128
74553
53760
85462
93621
69222
95045
12196
5774
3449
62087
32671
40666
11645
57372
62683
52635
99430
42388
79713
60611
58924
99434
98839
74355
72674
20758
29287
58751
38967
24927
23311
11309
22697
4974
75557
58908
56640
64446
22725
30273
5838
60047
36376
43500
99041
54041
77666
77769
44195
28062
90441
64579
93135
80344
81373
86563
81263
19346
19464
21142
24182
93779
66451
68012
4567
76724
84722
72413
60640
9011
141
32006
31799
96
93580
5937
22480
56149
56415
43314
44296
65730
62535
56686
56993
65190
46596
15031
90778
10586
8572
47474
73641
73607
45189
19257
22488
62136
15375
87451
80090
32714
87281
32129
55528
77375
32622
60109
67869
26802
55972
67419
52202
32901
95441
11689
45174
19991
19490
98483
76758
83729
11513
81239
28741
98655
73466
30455
36000
77404
10034
26748
70209
59525
53893
95319
76885
2832
9938
57764
55228
42166
65381
89320
38717
42411
69658
62649
16612
64879
425
80828
20409
27996
17746
54280
12797
45408
29893
8714
24835
40837
99022
60739
50441
87883
27932
97196
26514
23927
7597
66330
21634
24804
20600
81595
29845
33784
23798
23456
24188
18770
91821
8085
25301
12255
12155
88523
93638
2796
379
2263
46133
24566
82263
78964
49607
59133
58379
35267
38707
35223
71121
58931
89794
6337
15631
77883
92454
15087
49209
95491
87220
6917
27235
90691
41919
58206
23464
95267
31666
9929
35056
57314
58538
27669
30369
98259
66638
23297
40709
28993
19372
45845
47668
60307
72881
24751
68062
72330
23140
88310
58455
63751
66783
91403
19551
25833
89035
92285
43917
86837
8056
19515
16055
81102
4054
50884
1569
51460
35891
18810
44960
48905
18224
87765
62601
6814
85122
36564
97178
50860
53187
27119
60677
9806
32882
48168
78901
68812
68461
91071
94750
36739
89354
25028
6886
25888
60557
65704
28873
74539
9928
51468
37261
16608
43253
48251
98308
27736
55945
14580
74711
12422
89430
68959
7029
97886
69056
1568
31448
13488
25689
70825
24560
84882
37628
29930
96302
15611
82882
97636
41327
10732
94052
67228
36675
33833
30349
4779
62361
91621
78811
56721
86281
87452
85683
45065
75709
26841
36126
87224
26141
5400
36611
56063
91830
7654
58914
68049
40134
26212
65515
87486
2662
47691
49241
26093
34676
15081
71566
24360
5084
55689
36555
67889
98179
97265
86540
71987
14480
89829
87839
90643
7735
80329
58367
41317
29411
34947
29905
96827
13952
41311
10202
34104
67682
65964
97787
4451
64405
67555
16778
45207
95650
63912
6702
1943
38618
43369
67158
1151
17122
32580
45655
12245
96028
70118
69793
46399
73038
81101
44700
39854
29104
77902
82468
66103
8887
77107
46398
96611
16218
74684
99382
4572
62045
66406
94231
40232
13250
54058
78118
28050
95752
19388
94619
10051
62173
15699
47068
68624
77448
69960
76280
38733
63372
89304
22109
60447
7994
52996
46583
28431
53942
41400
17158
69051
91459
69256
78906
34022
87982
60917
88142
8528
17876
81327
87422
85120
47697
31029
59782
10301
90886
79513
37912
35996
18502
85279
26234
6356
52285
44771
3322
37453
26493
28537
57294
9175
10887
5648
22764
32535
55123
18160
62723
20220
55676
4899
51317
42768
95050
8816
16657
52234
20989
58626
77521
85600
8722
65895
4525
34329
44918
92980
6553
14177
65733
98054
74690
9174
26269
72035
24864
91231
48580
48095
42489
45564
1906
53851
70515
49368
86269
75271
37363
18843
8095
32552
41174
25276
45318
52437
86922
72244
54648
45595
43659
79021
92256
14657
96182
39258
45625
34662
87147
47456
13462
65893
22884
52786
79788
13179
6028
61146
15197
39487
35614
42131
55362
15120
80219
11060
50292
84877
23655
50215
61271
67229
34753
65719
92963
7310
98173
79431
56944
17467
60256
61888
70013
79559
35479
94691
19517
68198
90997
37884
78495
20763
13895
31735
68185
38620
49557
64620
33392
83698
52151
34422
9671
68796
32625
95106
92097
54451
57357
54883
57364
44007
16820
94626
33837
50953
61416
9202
96057
38498
10625
72002
69399
90688
53122
60171
15832
79697
65911
80873
30928
56264
90894
56871
6748
50397
94543
53459
41231
45425
9432
22896
6299
95343
90234
43306
65049
52141
81066
35813
853
12370
61380
22670
24857
11410
77443
72403
53331
64564
18870
50286
58886
24148
67455
57756
45194
62757
85997
42988
35425
16590
31860
56884
44312
20053
53478
3293
88181
28090
25008
15550
40227
21658
58323
83558
22584
48404
19646
8723
47327
4807
47589
74175
60550
42170
86048
27546
86502
29046
56322
73363
33866
29038
47187
45456
86879
27519
18157
87998
24663
60338
20976
94274
67705
47902
90882
49933
67976
70634
6982
53838
80430
32656
52024
76449
3014
20157
34915
6949
87171
23637
13535
23500
57632
20980
7018
90507
82020
623
69794
71281
48881
15001
33308
38421
26666
38082
92164
92360
94463
70489
82193
15625
75894
93873
644
26583
48056
21954
80413
21185
18741
23815
36474
44377
53556
36357
39949
87624
95643
40779
57945
73627
85752
77300
94601
57850
45162
33417
22125
60569
39247
22052
44946
60904
17130
29424
92796
93637
42992
83500
99042
41329
45488
20302
86151
48480
73597
77156
83920
52682
26169
83317
8103
19455
51999
55943
27979
71959
71885
24121
84402
8390
16140
61040
63068
84655
36606
10992
99317
75024
355
73568
83590
43483
65128
752
39928
74852
85709
31958
49831
34550
95920
94259
33695
23745
87995
37557
16278
33838
31591
2741
53222
36275
60012
50241
36901
34369
68774
83508
23202
41850
13893
59105
34397
29601
70705
57455
72100
24426
98328
79134
65798
53840
90038
55688
8246
64261
64128
94626
58078
14052
39917
74273
70461
67458
73985
17562
96959
33251
3191
28834
24055
75369
79754
11348
26619
80743
46560
86257
75516
1780
69204
48033
89153
29660
70270
96023
17503
17680
83393
10771
88887
58812
35761
48514
99948
45497
44479
14176
44031
95033
3555
32669
78953
69056
23173
32892
42484
19155
14408
75096
78678
61768
91347
54818
31788
32413
89116
12678
71727
14020
85555
61420
5525
9660
7657
42010
53798
63547
75356
77974
35161
17511
41408
12872
72491
56388
61163
11070
83324
39239
31740
18346
22118
15402
99817
49126
87834
40952
93317
54072
52665
71336
18602
58992
88363
44710
70408
74830
59648
96780
42730
98880
77473
36881
97633
27113
6898
20600
54351
74046
46598
27241
93170
69834
62943
2236
70092
66193
36321
25777
44043
77681
96785
34237
9881
37124
28655
34239
52066
78818
14381
70321
67005
58660
38955
60794
29562
62051
8625
95552
96711
89567
11624
69947
45726
54363
69493
7556
4558
38854
35475
18348
61028
34741
51564
88905
69941
1291
68179
48651
65771
53498
64289
42893
38283
54339
48843
9383
18463
3738
22300
34112
57956
17381
95956
50209
76274
19811
31581
82533
61539
67849
73765
10220
67042
29095
84381
34767
34418
83882
62221
31726
40984
60506
37137
64356
26278
12484
78485
87836
53700
34834
31976
82109
317
37013
16704
31489
14787
96773
42602
54467
70560
17407
8811
34519
38075
39181
60696
99955
49315
31076
20271
44491
88635
4039
2545
75995
29154
5320
31932
50589
11742
49519
6216
87098
62436
80147
38846
96509
56902
64197
11696
23651
24729
67244
17753
62767
88450
28618
31442
76954
96221
97950
37358
21543
27562
49827
64147
23061
70389
23126
49718
11533
71839
78868
84945
65531
68590
71074
83203
7642
35022
75398
612
21384
10306
60915
84547
33113
77995
19938
82143
71207
97396
87963
70398
16230
12152
42707
65613
24534
1840
64816
71413
29490
10205
99335
90134
66373
72334
53510
48451
72348
79791
53582
6969
18134
60558
23160
96829
93912
86859
40569
29618
2622
57019
35264
37875
92876
33849
82844
13971
38786
73098
37626
13262
25230
14507
51691
63788
45947
90873
45605
63858
12103
75389
16928
53988
23666
15986
73601
96059
62354
63316
99251
80415
69091
49607
16912
97249
22332
27649
544
94776
88350
88789
20281
51766
88229
60509
75780
60582
73825
90211
28480
21476
38270
7084
87648
77560
26622
25186
80495
73713
65737
71932
34708
16698
15739
46476
4144
12988
73628
52452
38788
8368
74925
99462
88080
73279
98621
58087
57622
35096
80763
79264
62973
88109
13222
53553
16146
87082
71361
33841
23432
86162
30498
32950
60160
96696
95113
20189
30980
53272
80014
7223
83405
32560
44691
31377
87012
98750
73464
75742
43270
18295
21326
71107
76384
47680
36643
69566
5498
5389
8828
32596
28784
46420
52001
58262
63739
98957
69585
23535
65391
75432
80983
39245
68253
51691
38196
13385
31417
5287
93628
1780
26646
54006
47741
85888
73644
7027
31545
31689
98204
693
53877
25758
68810
71049
32201
98736
6633
30220
6584
59062
14165
74658
38682
71833
64538
64950
92437
13795
3506
55566
22283
53183
7915
8297
61964
69933
69446
48440
41003
23397
50684
13975
94606
26181
95163
69351
79840
71768
91598
11689
92129
26917
34107
5080
64893
56849
55814
62947
60217
54194
11027
76903
53065
15474
76777
38853
29919
58396
30322
11045
90015
66854
49918
76486
62862
52730
21575
87712
11208
63715
96495
43384
44752
28657
40453
45888
38754
46664
51847
47081
65348
67851
10305
28037
84444
17697
13460
37245
92187
21410
84850
4460
74423
94112
19718
26487
22166
55828
75536
12585
80742
81731
61838
83374
62185
80173
5270
7116
35054
58227
4512
49850
27963
86018
40256
52062
7398
72992
32880
98502
34979
66354
29357
33058
84152
48615
20088
28668
65868
10981
46333
95926
95837
29550
27024
19551
64657
35310
69427
82353
43269
38340
7828
1738
1761
15979
36243
66116
33772
99556
30146
28979
24860
78337
83493
87099
49733
75184
83384
94700
67315
91330
54896
73851
26899
99959
18681
5342
60267
31176
13727
71939
78922
22929
91241
80813
56218
83481
5855
35341
72530
10975
83692
48825
54696
63971
74014
91627
75972
7598
45450
24697
38351
89950
83533
36684
87146
23922
7822
91743
35899
96975
7135
20374
22178
30221
89474
56056
99659
48673
2759
52779
64924
1415
96243
43
84173
84299
55869
93318
47959
95604
62611
80631
25381
90350
80313
14237
54823
20051
66289
35863
88454
66294
99702
75166
63218
80619
76706
831
29046
37366
42352
68947
98381
53006
40572
14557
44366
74670
23110
52256
73283
11288
41877
97018
46456
84838
56024
92353
34350
17071
73767
25913
65263
18322
41641
8943
74843
85089
93679
30900
9953
60269
68317
94649
30250
17962
12265
22468
69584
19168
42652
37069
82124
78509
6069
43671
64044
39194
21197
28334
92579
92984
64341
62585
77530
42646
12507
13948
10116
7395
2636
96238
93936
378
26387
51569
73911
8431
69055
36659
56789
46580
12451
45120
28949
65352
21207
5602
18949
78173
50300
34102
15753
72772
65117
26060
22955
14743
47601
41563
74384
49571
89917
33854
35269
2800
7253
16239
11096
44719
58915
43007
41603
97279
89696
24175
1156
83291
42464
82286
47080
77059
18699
87183
27109
89958
80069
32101
48679
93161
17870
81502
75170
7479
25317
17818
96038
34628
43848
42599
1169
58431
89431
17883
12574
27988
96247
51820
63899
49372
75218
89615
57368
77826
83131
44011
6939
57650
47695
90137
39761
96575
12695
38875
62815
98641
89226
75958
81398
61706
79664
77933
96485
6804
82177
85851
62152
71113
8555
34605
95519
4158
83603
44729
78073
27692
53202
17535
73295
87100
25665
85019
97037
67951
41584
45252
47083
65831
54639
3749
65082
80982
26032
41045
42137
9249
68355
70068
92295
64656
59425
13988
8211
43636
83333
22721
96944
7702
71796
86079
34340
99384
53053
7936
75103
85866
51324
55022
88169
30924
69656
90171
12372
35163
86668
12050
96241
74970
36739
97337
38526
71293
40604
92006
59293
23253
49325
45275
84224
18291
2852
35679
97568
51899
1193
80187
93324
95655
35007
93997
83807
24500
64041
28172
56842
99309
91305
31578
18257
38323
59364
17887
83218
741
865
63751
15007
24946
22064
73882
44109
36632
11719
979
36197
5143
89544
42464
72375
5944
3678
87637
76047
20436
70726
37101
78336
51618
45643
80767
77852
36192
80201
57785
87333
19388
10323
85915
21278
49152
30640
18642
67291
83801
52864
3119
96088
38914
22877
36996
60165
68530
13373
78010
72382
75166
71379
562
65528
96012
23093
19734
48151
23925
69016
22555
95037
83350
71191
21334
43358
33332
47251
69880
61007
43593
2996
6311
25244
45263
24302
86010
68824
92840
76799
5904
72079
22888
75156
67182
79736
23647
89195
72243
21414
35175
5492
33434
54878
24198
29360
15820
30658
79104
23772
59807
45580
27645
28583
34926
94775
99794
42430
83190
31894
94671
77576
96139
88616
93668
37869
35989
39779
38801
2419
54378
72621
96648
24768
27401
99370
39873
63235
1936
14000
42394
28974
14299
44822
55721
20796
96698
24203
27968
36144
48749
25410
59387
1822
71551
8139
34664
96098
924
86077
74612
31278
82127
47376
86766
29730
46461
6567
54618
75284
55192
64522
28405
33231
85665
30354
18784
46615
79005
51069
35275
17162
8179
5409
24927
8770
59487
47805
58023
76312
65494
36875
26044
62306
4726
99602
63692
97405
70569
3672
6119
26246
6103
34069
18789
91969
75524
5058
38999
83709
69517
35696
77705
88431
23930
62166
46576
14971
57793
17442
39062
51633
65623
40048
34335
75283
35155
15192
8342
17525
86977
19938
77753
55709
71968
38997
1759
47690
69497
42349
10626
38769
860
28490
67148
20195
99832
41797
46946
35754
40471
59070
41127
91858
80884
47856
43375
11204
57338
72870
16641
10734
74298
30663
29127
63582
31944
27341
85333
92365
31187
99156
92564
47736
1407
70509
82506
91082
69249
80818
64072
58518
93910
77172
8976
91935
68384
70928
89344
38330
26719
7360
74047
77067
6631
34125
71715
76045
99811
73058
80829
35822
75271
48253
61666
79606
4682
58462
13846
85096
74216
26306
19319
53152
90898
81417
21539
62877
35984
75315
42151
45560
51317
40585
97574
56786
17693
19608
55362
88749
92870
84440
69482
48977
47047
37130
50399
1998
13937
42977
97796
98913
28321
89144
83395
1711
11551
49057
78614
82894
56407
5949
4024
66595
66162
2599
39945
25254
5135
68362
40151
96386
65827
8787
86480
96697
50282
82562
47169
84901
9000
5754
85993
25208
37857
44504
92991
28741
18385
19904
32476
76375
554
18578
3303
15071
84424
82172
99612
96395
13106
96617
22519
48562
71631
67607
59203
29164
63265
73478
15578
68062
75587
39180
86519
29939
4827
6
85664
18150
12892
10985
18825
91453
99132
7287
47271
