11000
298261
838074
901993
406406
964633
516540
510272
41011
385289
664569
325849
13204
583216
888761
30233
593
573224
709284
837825
148790
447550
808567
729444
316931
582902
424229
480818
223377
585445
164488
863666
64348
727997
243778
293710
449393
479974
680565
500936
672693
546822
338970
655691
23951
960291
649026
541916
85939
586400
527591
101807
655948
304228
568494
556438
385222
847576
778620
288980
617845
246798
121778
686224
347493
447231
34566
462565
615039
711981
68735
839446
8170
8171
8172
8173
8174
8175
8176
8177
8178
8179
8180
8181
8182
8183
8184
8185
8186
8187
8188
8189
799602
159133
843326
478040
502385
500992
690522
952818
858466
307475
641136
816751
357059
990031
494244
313114
769782
271786
762254
636604
595913
69531
142229
505706
662689
201465
780709
108408
966722
277505
914960
922507
356476
662966
371647
561100
77109
462627
254930
182585
408656
760572
608732
339093
459704
523619
899188
882368
600331
807878
424121
541857
838053
883877
111654
251903
421639
707185
485262
765679
751652
44624
711924
807080
160200
480254
842505
994482
660453
848077
192002
51133
585532
783821
589910
323342
658276
710
762833
920788
642106
685346
381272
377625
822054
687144
496122
795028
980421
905699
503470
594203
867128
532385
307503
541109
660361
842775
79921
248334
696117
664866
965182
648644
353562
326120
383474
637982
393150
797469
467919
984476
379833
799329
328254
183529
668737
18119
270499
44077
644368
84913
665499
692031
267828
302039
664981
372920
734130
410150
561482
697186
523096
877253
659610
744848
928542
913842
165316
396999
991480
724171
772674
896154
32507
363049
532479
623571
389929
994279
862582
483725
489051
970816
608360
428127
501962
816598
312186
110323
349945
693519
568104
288884
802307
136922
423274
896485
22781
122384
203426
799439
316679
394357
188350
562195
213556
250397
596848
847005
499603
524651
527687
678969
367002
273717
806890
626175
375726
637251
675697
68906
917778
588982
318560
581895
38569
782662
788801
366345
274281
567140
512925
223737
886750
651262
381974
971274
468632
64481
823332
137547
754803
400952
572906
625781
485697
395890
513780
586660
571990
64322
991056
720035
257135
900352
157638
892832
685055
203693
461109
210174
216216
861395
62155
998537
941682
440523
869408
345413
80028
255704
370288
478303
637372
917617
107443
362565
396740
624221
539803
460113
539892
62710
628905
584160
800709
102479
892589
296002
212281
373874
469336
626122
12157
577282
435135
911940
77815
125695
537391
472646
297778
612968
912615
519519
834659
788347
904246
107501
654424
327640
328626
811467
789628
599172
349970
20070
62921
479432
986985
798577
726858
298617
653823
472047
600780
788115
528718
717357
184097
929919
423190
93970
157520
386164
128349
814862
624540
558841
271367
493168
820079
312521
35341
117332
7203
362191
8669
194041
631534
52304
33678
367793
652903
730792
680895
496305
318905
548396
91659
90376
559779
689583
552170
86381
921257
69216
786215
525937
612251
479568
805689
359763
70399
764626
317825
552498
992605
762875
865439
846813
554984
332809
85169
552006
2
8
4
8
4
471535
560010
582234
334002
152370
771327
700186
523121
945232
561496
9802
469651
645796
868962
292762
700603
447129
99105
964072
581470
318446
118765
403989
220075
448281
230374
502837
342228
474760
743253
187104
977726
179842
956448
311718
485057
365292
287914
461599
670748
873960
936517
162143
542648
212120
913492
941193
878743
936128
657026
880123
161241
414857
111321
269799
658091
27042
479744
107521
611468
818497
534548
230100
948541
499400
733089
333552
226949
829122
204029
776766
886238
63372
927553
774260
813888
456016
464741
858339
516871
530477
135863
607853
367043
452019
337592
980629
759516
971530
478547
522351
439456
714354
371962
223094
806699
396388
710943
777916
962930
840920
174541
135676
751788
377888
380000
678411
929821
785074
18983
443181
556864
748163
287124
751812
273936
270030
543838
574628
433523
24499
12148
783617
666947
834749
288925
817738
534523
658300
282992
986575
639035
701073
610029
501148
611256
48968
410103
808874
419523
109599
532463
502379
954868
176869
730414
566916
285235
474366
145886
304727
355938
673923
790390
335997
341930
992902
637648
710547
637985
382003
975528
67308
148245
944913
552115
879460
927352
242472
643866
51348
592360
740669
374673
847585
400537
35001
443480
84335
66273
140200
255630
18675
400351
850973
122093
671143
493705
858674
733158
783702
966545
755756
44186
928599
167348
20606
28402
428886
160159
290020
569819
106189
561982
71792
422177
546003
767586
381218
255975
457739
43405
350255
25345
562365
206749
999396
221486
785601
714899
41508
443381
671895
200640
968205
493658
634516
880907
24313
530749
429751
203169
646305
525456
139994
465529
818715
453043
238980
429955
67140
572398
311323
628332
79096
84362
72183
694928
487038
19212
363409
580669
987969
728719
947994
395808
58489
230205
403368
432271
816233
136682
628875
406066
444993
444685
254782
325519
591907
812635
983033
243888
560578
98754
759139
876850
427303
809919
454181
872045
225230
121628
228954
777723
501101
578633
538530
259879
893332
539734
730326
483700
226607
106955
543638
220423
460457
238949
941757
557873
896363
412717
838774
232093
191810
798389
746344
938323
783839
174002
366733
748454
277495
176561
8160
586880
852363
734200
372469
454088
987138
698682
350050
667053
642610
609909
689499
268626
988221
357612
385372
188054
562200
387452
884159
228159
884839
269790
774317
841474
756548
391672
644721
580401
192479
420064
125352
108161
351871
454830
227093
659959
514471
910460
676113
594543
652499
634557
538207
682889
712993
14711
39390
713328
667981
631774
975639
510472
599125
33422
816886
718068
30843
243493
292630
155585
646313
211387
393973
774002
60270
587328
774471
88360
649191
440112
145830
694638
652409
768821
661094
318431
109882
660377
733127
575028
182255
545701
900932
978158
739952
142427
234888
781148
512872
683085
599040
405578
521785
650841
524747
186758
409852
548290
923150
819728
710438
558187
41893
287901
379590
813682
537652
622280
538858
504166
500635
375062
810401
530215
410504
767460
57244
120601
234662
192111
400878
438916
656499
61120
682483
702219
744047
244338
549068
190599
262320
135521
889992
584704
670354
775409
539102
229768
352972
154232
650391
381171
423711
735113
494280
368950
993511
926494
767741
387739
939348
296801
57394
130142
937394
248727
151034
430824
264292
942954
47235
681381
350255
550033
433649
807748
146226
165214
291558
419850
238452
952739
869859
88275
681494
671170
502728
714279
565159
595856
132919
848757
455062
685029
809623
827631
955074
384899
596788
262401
446318
664225
289924
67823
72528
898835
502085
116618
339208
776791
350657
843790
886894
749182
676787
128603
679300
970484
338372
491918
996618
665839
5550
584636
98929
70064
34306
998218
915559
756921
194884
775916
715665
557644
365364
403512
877207
192987
838568
313382
41496
185425
425428
936679
512767
961659
577324
991518
351341
305877
718944
540735
490966
4909
570374
190787
72936
122358
105366
24965
389093
303148
663950
99004
236242
825630
928950
209814
47111
431773
83454
204397
844775
344575
239555
990248
317674
86224
642608
62833
444566
868823
211393
909454
252621
550336
733283
184542
750591
25131
789560
528883
521343
79888
806006
320902
821555
718412
754991
915995
947174
730253
26347
951986
173880
497239
26225
124903
300981
253168
518373
913959
172610
419758
71307
9
9
1
4
2
2
435138
857739
430183
297147
862361
806752
409949
119675
464202
684802
470876
628982
372640
988691
624330
480591
265290
469251
388534
993890
762511
287853
541396
752758
209999
833249
72662
370254
455346
903933
543203
393758
394223
176820
549366
794843
530363
809137
861142
3051
745676
262036
194861
24892
729544
529562
554568
692208
44175
636060
396906
55030
366306
387694
919757
698548
804526
393832
175094
709728
638585
647553
101299
983406
802664
599126
594996
9508
653418
345419
135684
748425
177157
764360
639970
564731
68347
380005
800000
205792
928408
938720
584471
371253
366619
442571
734053
158914
390847
878403
921349
83182
571620
699738
110825
47023
653983
201622
305781
634073
599003
689683
379643
454296
491626
406019
755663
218553
162028
700566
541319
333410
655002
472373
578513
372770
525744
505639
712945
12963
439669
196695
80277
603324
345576
90285
247254
335971
700744
453336
234061
991104
134592
839917
581776
183068
15854
2153
29960
125496
987343
18322
549232
96826
946888
963452
987500
82435
308435
283112
206660
880476
237188
734919
238331
848654
906871
155484
591248
241168
849113
85503
879824
340699
356559
584061
297878
373466
339014
771293
420001
1533
57944
519806
976656
473197
390616
128028
574396
117722
485434
862769
849522
986159
965410
155064
80076
797479
313671
34828
447658
61177
17092
86127
335314
371759
178299
64807
977826
977621
531046
17859
872366
682380
265084
507068
349114
702782
263099
509110
164309
557676
970904
328486
114320
906914
72321
461453
940058
866124
403531
554594
553785
268643
270589
684685
829223
134784
694264
526480
244679
417489
809217
116352
920258
59753
614893
209649
848003
302385
343592
305841
420747
344316
53857
780586
755057
205561
542934
723563
655290
113281
614071
854592
713040
287952
841402
108413
395939
478161
5115
626074
841881
167826
754445
179320
615731
21975
793377
825090
792061
787978
191057
714351
552433
869136
830794
438435
141546
431222
754516
386229
689088
417738
633088
728843
236100
434759
488429
779682
215449
573160
16886
664746
81581
740253
204731
223246
858899
271579
627979
784529
379007
37646
341355
744148
143453
224874
163141
116148
162254
940767
487408
366928
941055
404011
783448
447784
742056
366729
224458
768609
241823
524167
570463
128741
764822
195765
920386
920103
611255
245369
958623
828612
625370
396416
133353
415365
561121
60623
254152
133377
404529
217719
585438
224095
926541
243239
139317
810745
897872
81691
320775
752157
51399
256947
224936
667117
380841
189150
606228
232358
571380
362421
307217
890237
631908
937764
840384
176805
519890
683971
652486
664622
903080
365059
870033
14407
256701
267395
860809
359844
903377
8770
324501
97659
685222
851887
207751
149992
32953
25501
672869
927984
120284
858194
87445
107746
14513
368895
914276
443225
59461
733769
973363
719839
133126
259013
56766
933676
742754
40515
939850
176972
463614
65153
157547
132702
103632
442689
633199
327096
774362
568757
740523
717288
343620
11990
482208
194005
562580
223507
18377
65989
809740
518183
111811
236536
604512
229571
507353
417777
382610
563371
33643
325844
55788
518429
908155
375915
922521
43691
273237
566850
670561
874922
594456
335155
741760
378755
894052
615804
742753
632934
787618
308492
153660
86879
75370
966685
831305
434689
984085
641658
618847
65982
611233
942562
69102
36569
89594
52229
147285
73458
727467
163051
657185
611904
686753
794164
533091
414238
128663
416570
332013
868412
861219
238610
676841
837686
825245
605938
706133
859329
239719
445676
831903
384513
900254
552984
304600
190649
173212
987281
450072
225242
563686
754774
287983
654972
155129
99472
194243
686250
634988
849394
281675
494423
478914
789436
449703
373743
736910
972379
217305
877385
28035
725419
588260
475064
532312
293340
413311
661569
6868
433458
862966
582758
824891
732134
696478
468833
969813
3754
44467
995629
380311
882314
37776
260477
480625
942702
661833
960528
36467
9340
381352
52892
113372
183450
254659
413735
472193
70225
47222
317749
540439
144269
850947
984732
154013
787969
415042
796147
983016
871079
34246
370729
847372
252261
732623
153010
935076
391179
605157
135259
503615
1273
191319
889663
570023
962782
236496
631698
194767
591131
79378
127642
18456
314949
931602
732862
88896
553481
891312
969143
590120
548139
676178
749603
764544
973031
963548
185720
524689
160248
943949
46997
986854
835702
878585
369268
47896
903898
647647
87484
80309
236253
987750
779699
283596
516671
805433
999505
138520
798052
58236
560367
489671
246297
114665
372191
278181
39092
89996
251925
624810
192088
333655
334658
185308
190807
837603
535553
491554
905523
604484
674282
704679
447997
242823
202565
776231
268063
254922
160537
931354
131253
339832
787362
342521
529109
821536
343840
956145
838127
437938
329804
139235
438096
941013
768422
922646
736385
635239
736681
694714
523404
402258
662560
151706
798238
957063
858130
514013
214792
201371
664409
177656
916192
808698
609297
529780
794308
44940
523307
782551
955646
22626
684257
62770
979331
698525
945412
491398
129622
846556
881009
308116
705546
381087
632418
351232
704100
570813
902112
185761
397406
628606
924502
736616
136008
910038
61186
38826
377610
655231
516676
852875
590212
793137
970713
251017
524374
943873
716065
522082
187771
393427
514012
297315
732752
190653
219251
923023
756083
152890
535731
3368
643590
435528
394836
464732
438995
657567
476280
219215
85578
973070
479407
125697
328037
362547
786487
368156
935212
859094
279233
569885
273876
742306
810926
690332
811971
130050
185625
431865
694703
803029
806669
890021
81380
351757
342039
103626
136868
945001
749815
183000
866664
478156
24304
456558
757125
612730
673151
172769
326762
360112
779048
62635
343046
572125
874091
906035
260486
435392
404566
893812
64892
218079
117492
524557
227739
167649
62307
79909
963423
329417
490947
238457
9417
787599
3018
41284
564680
562781
533749
465290
481844
138851
315801
999040
267187
399447
946008
823323
539134
224332
521903
431987
420798
360046
85227
271188
714448
609176
729211
279074
139176
61010
928609
353766
831697
227498
295363
239545
768402
334061
886558
209995
388845
639362
327770
73617
303937
575652
508856
431049
261903
355643
693543
314347
790105
222485
206518
899949
40294
461765
104741
666035
843555
872152
443924
588690
478819
92401
119325
775168
398343
26048
377085
933081
160249
964515
837997
519184
196882
659609
267023
702384
505500
298527
936388
657358
139697
149673
873946
225230
640450
306302
44707
559566
444020
110960
20064
654322
794468
563383
119964
316685
665483
237866
250518
458792
557501
356953
300951
826995
714316
456713
885281
82630
226121
113229
939720
929874
584490
966717
99802
535016
269575
216662
638457
557157
67327
183214
253258
989882
71607
666834
691590
467348
711682
304381
213230
561900
831325
774135
470747
249836
557649
106377
289843
234172
394427
408664
817272
221033
212072
982566
689146
389170
218458
258720
888237
146478
509480
273380
313941
869469
72385
55380
529757
553609
780944
374224
418248
703512
717436
684819
196287
666417
322823
999404
176008
264073
237718
764182
861911
177545
36047
803958
571263
273822
556958
147122
342977
163484
938771
923049
436357
476816
928037
247762
802087
404832
553818
104244
61800
232289
264062
181631
558085
228726
798672
809222
496933
306911
716669
291866
84395
868517
532484
87684
64043
141152
497912
703518
337146
191844
35620
757646
391007
140806
144264
141792
228773
931470
772290
744959
267346
472763
749448
413200
415666
305261
834642
640428
708044
655667
592917
564856
754742
672497
952233
103778
427589
674478
303691
407161
765788
390776
245631
266793
452837
506292
166478
666130
585694
145414
609581
293381
613387
893529
45630
528602
943818
821707
578159
971057
90691
117048
312961
267971
949693
190178
118243
269732
638158
85882
444540
263319
752043
362317
600264
634829
901341
865678
436058
476220
797077
946108
428543
36825
850646
646192
941379
130674
932240
381125
183245
712169
667917
914852
835749
148944
848068
662954
966038
332126
582155
573753
685103
764044
563434
799832
167075
75919
467339
811335
39184
952562
352653
512356
56029
680463
263031
184179
460476
437865
139465
585358
503247
897641
297583
464936
858343
175604
999503
286335
667303
199141
52225
829214
488135
748524
322526
241356
969460
252034
795313
663253
428437
661384
798027
747314
93033
963964
348787
768663
204556
405910
926522
979353
640344
171141
324907
51067
50664
124481
759329
290836
947576
838733
418100
653406
731944
643211
999051
185949
634080
326331
950549
282921
573453
183058
163987
492698
257160
214707
465548
538000
142232
558028
363108
386013
642702
837904
412359
921423
590223
146444
729536
172445
503407
827688
328486
205420
424887
830461
130997
118655
442377
903181
327354
498938
798811
853859
756456
247121
695455
841032
893705
915218
324675
807647
227982
994763
345812
131934
994375
769625
189565
509033
463982
272334
31854
64460
505949
779326
602776
880597
408928
61990
626132
636300
183845
500602
18275
326417
696080
522826
845904
23696
896363
193488
210994
858850
900091
938776
525006
727875
745901
734540
38169
185004
467119
120603
424858
420301
23772
277254
223342
650857
472911
68743
550758
887053
996057
359582
205322
207022
524109
889
785665
634782
132216
328830
854664
795563
660270
880633
675808
304788
421055
170141
655301
584873
169545
416697
190424
717694
257575
727928
858078
58443
990919
496020
175329
403683
85786
970521
194612
348111
139684
30482
677012
387527
97715
976210
667050
633996
916396
799200
458286
354597
476672
385088
108261
233780
98942
453722
809738
679795
802563
337738
217611
138705
113356
514947
982122
50723
871532
185120
170692
283016
966936
90121
20143
246302
856736
863678
74684
547483
257337
719555
481819
722313
131381
832232
788766
43296
478803
564980
968278
625409
451059
332526
88922
613901
12834
754439
437606
559328
491283
816103
683871
832238
740911
43922
199924
551160
930371
82871
753633
54570
77528
127765
655757
743764
824032
169738
972948
11203
186060
79802
206495
69563
848251
168408
589742
910612
447244
147924
119159
974958
179220
801953
157096
270227
137771
810786
806793
435239
376097
11888
241277
526670
866830
296010
298727
16986
976839
255770
325034
65263
940269
334304
411784
200438
77407
533309
834796
753146
342671
495902
438659
962466
236274
339651
469060
310859
442065
475755
637137
374978
961661
605470
641525
430043
620064
357975
911949
581809
674222
498443
413572
302266
15225
544282
762743
229189
276132
266577
370167
460307
432303
682394
253804
324880
983538
80065
126422
522604
705445
167139
565935
196698
240924
121333
740141
50853
42640
843630
743907
922410
195415
688402
40519
822006
51318
831132
965646
67068
574541
618376
535860
948979
915184
123578
370648
928650
178710
389454
865091
595081
262571
441213
582537
470726
593600
508136
49992
954560
712354
284421
953614
992539
495496
252067
517463
603704
972070
240731
8627
940848
704734
845397
178246
604590
40150
935732
286697
842598
997156
59167
971439
100726
836582
916333
182338
41751
36143
33388
44395
732159
4572
408654
499824
161815
860292
340337
918231
748436
34125
137354
175369
721077
513948
113645
192594
80407
971236
688187
727109
883320
992352
179560
418108
493382
550811
414631
921597
528483
774508
540277
124153
775096
235200
439999
792366
537523
705936
337969
696876
58334
334257
786781
576500
352157
861577
835651
415483
61828
382047
457347
715791
825235
973772
945756
785169
634703
399246
836768
909920
632509
299132
624310
707286
657150
272723
371723
4012
789250
519598
920983
183929
720170
64276
765384
391447
413502
92844
798413
478118
90311
331595
47488
661610
566155
994990
13168
28560
720995
237699
609674
269646
743482
868961
857124
314088
512292
466137
925799
980942
799960
846756
822166
644259
940172
8170
8171
8172
8173
8174
8175
8176
8177
8178
8179
8180
8181
8182
8183
8184
8185
8186
8187
8188
8189
472290
766579
29584
633983
721813
487749
591736
368970
485045
660963
115085
199576
853930
402422
148250
650618
948189
271687
270481
481315
410822
27498
446248
40932
684065
746119
625053
941823
281282
524806
52123
466667
594880
158358
575797
5028
85581
628251
544143
192299
691942
612274
707484
363297
661157
62369
773377
909756
62324
912928
851736
522979
603100
120126
357649
498796
56827
114610
306676
917872
960276
797567
797250
616327
177472
513986
761401
114277
153603
731291
58613
476688
729850
41526
851571
89213
7792
107381
610033
721414
972431
774972
990450
166219
651123
742040
670237
543586
274010
735757
94661
1404
211192
65338
168324
209813
184359
664939
443072
605783
53884
176379
75023
732876
196085
978660
939767
894334
30990
539429
390158
743534
554610
939086
49024
170093
781071
151019
362607
890393
73282
195595
917045
505015
620018
599468
743812
833706
910393
288452
544111
731150
576700
45550
446978
202548
370139
74736
946443
652410
511620
346021
273404
939397
451106
500427
293864
738398
794419
110251
276715
815654
39096
628001
665895
612535
249669
732615
977000
685081
480824
934146
453929
732446
941062
966184
956720
595355
313137
430157
314836
133955
717334
947753
840223
841185
463458
773159
122126
924657
965669
453964
68917
200668
525759
872002
420095
95183
635830
310529
346388
295607
540522
970457
419411
930203
873631
962270
899390
845141
886458
356464
467509
108526
797319
864293
606107
559061
522295
155478
733013
580412
639783
401603
633969
694160
43547
80739
64483
362771
146889
135053
22058
35607
488850
94588
29713
291032
545676
408770
69649
143543
202426
9740
551379
489423
797597
628046
406356
310326
237219
429067
83554
203090
656702
911426
835011
441365
758480
523896
177972
395542
540994
689247
404303
329229
198260
729568
496710
700331
985998
543498
219531
156308
281589
506646
257234
811706
326106
498006
40366
628695
539692
947386
739864
843526
540974
397119
863119
186879
291619
227317
670873
141869
625573
853739
858087
584174
82325
919417
126998
616487
900972
82089
918674
320768
821936
879362
971925
46979
158467
872243
982669
191757
775189
94873
111004
749550
453050
549229
778937
754723
762839
904205
789299
214829
342901
323429
352470
996045
131127
791290
105894
593695
323368
325075
918472
907792
592942
996804
808833
104318
624348
402456
837141
681386
437411
569562
447505
814492
905703
356096
487653
771348
650480
658101
417833
505576
827319
178945
99648
871039
877857
319512
342170
88168
733704
884412
984019
295704
908852
357455
683577
635262
385448
101497
759851
909509
482585
681906
353308
114598
856570
295020
412407
85990
182898
879328
553053
808179
888495
511284
295177
888663
300052
172934
337365
100247
592142
216
582805
747050
824900
848472
751649
688473
26796
440394
272241
878704
187707
797140
447905
185950
402292
304678
150099
244654
291170
658500
238835
681378
597153
266609
825110
46313
201110
125817
886908
230718
695742
862491
655668
626269
281956
827346
662366
890465
6957
791167
912140
108159
490765
277493
607298
135577
528668
346016
211165
14272
995587
746322
156176
354505
584272
660588
427145
249546
944682
159589
452978
442226
44382
39418
662739
22082
621271
235250
952724
286700
905196
218893
340512
959878
489364
698761
387878
681387
749813
777104
487033
862383
836953
448705
158423
804924
155329
682073
498567
296781
185684
906110
852827
751239
532016
525096
809749
261743
498594
967532
643110
61580
609328
906982
736978
197530
970387
952259
898287
255208
450498
734697
990860
650511
774377
715331
395629
592207
470841
878892
260085
960647
986904
200055
69789
723217
48505
213977
516640
477176
553927
374004
874809
304342
218747
349952
716484
545551
483598
653848
985025
485604
182920
911519
522168
766708
578806
163533
966070
667605
640057
651225
115509
914699
481275
940101
445145
800227
86653
609217
484759
899439
62412
918269
945584
850078
920851
441038
502043
964535
511689
954684
316993
162034
405003
405670
670178
340979
242116
615762
673237
972964
266504
179925
818284
887598
305280
190043
410934
948115
563584
925012
555422
303211
988021
450491
288944
133944
33594
65668
69564
959592
118857
142690
332819
193256
467470
351282
446702
514336
365591
801287
695535
596686
521128
993235
833855
950082
610732
810734
119958
685172
761797
488262
655668
626269
281956
827346
662366
890465
6957
791167
912140
108159
793937
711167
923610
399896
329878
555895
35713
241677
113012
957024
459559
621033
667294
266567
123344
709278
913089
142642
198493
397657
968210
952460
963499
993467
79743
186986
407002
592178
716999
802425
413672
209268
223013
570950
691067
464792
139880
148010
623421
213713
45022
527184
426081
108231
917166
80805
410501
603091
969093
604762
396208
4119
716521
745497
19642
300153
45097
439170
903883
795194
626293
849440
25723
906806
674826
344173
326553
201146
57797
518782
697863
763645
518105
441932
14211
679805
583324
962721
98880
3832
458236
729692
678898
971971
760270
558624
134057
233865
546887
542431
917845
64164
296771
590590
615208
32529
511875
350630
565529
265875
264564
404711
592516
278439
644714
331336
987310
914591
234732
965679
25127
36382
824360
762217
349256
584751
67463
873111
353436
568066
244507
29110
752411
387
285301
366025
935441
488472
118100
963173
295646
419704
443896
715417
983062
372835
72724
351032
526153
594689
795105
901636
378844
205595
208527
628664
257622
241520
676694
44401
615479
533301
728555
603643
345346
616813
880911
347828
419100
201760
17665
884639
691149
716091
382420
437000
981027
339012
5915
41295
116661
900919
194688
211538
523973
607426
189172
567867
197375
327066
444032
5731
408606
690424
635131
800609
605870
48692
768212
655604
492524
298876
475727
761096
599049
622449
396877
411304
827725
391710
978371
216065
739353
587029
349965
503375
404997
563752
711643
387623
200999
81537
684105
496543
772085
724895
679309
412829
760962
884973
242506
559675
345764
796545
741249
520404
886199
102894
75495
125358
668730
738054
804497
819972
873366
358127
278539
630510
952767
357280
47049
677103
406324
851577
800053
910363
927456
67517
408103
856483
67043
771053
78131
579134
24106
557953
222747
726966
940026
182341
715621
893069
346893
959183
930120
978826
769491
293273
992896
19427
977049
841087
104001
997576
208967
497494
709576
634762
603203
18022
36108
149670
465332
926598
13907
249266
426273
732883
404194
178147
810039
988492
657293
883576
373993
700237
344748
887303
505074
152166
45678
988706
607734
566488
867783
930982
181190
247339
776197
10784
572482
309551
967937
919195
635289
287565
728304
234762
271277
881416
46681
935118
953937
177046
829409
417957
888244
574037
411266
922801
406039
13420
370202
317408
673722
949055
28895
433852
662485
386894
987569
366225
465858
626923
305224
249718
959032
948822
497100
497850
292081
745078
842820
562669
42733
932918
962918
236488
208656
52986
838541
694585
152679
829629
739784
902799
244936
403913
706318
107583
214679
331153
286160
602961
117221
369582
687591
110186
14642
459892
406189
557494
496019
505329
709735
450609
403183
256578
409055
681427
989731
894801
924305
606550
285254
444846
104059
536677
46598
453769
72727
617443
36209
786442
48869
825428
799184
597261
987361
361004
300590
806845
665109
123634
652022
303948
469383
147921
584634
440844
297554
981179
456656
687277
39058
35130
458775
430739
896953
803733
938519
806227
427263
929819
986182
137419
620918
72207
475303
736667
952699
632816
554445
181892
992072
306147
360958
767131
396391
974719
530482
251049
914369
606581
142715
410530
445653
504474
934078
836096
319748
680275
881119
469244
621192
632796
953147
793897
227589
637813
7183
274669
606392
106153
884470
537244
648780
395068
738319
242419
957003
32496
743229
328365
968433
604660
321671
503813
196381
895018
530656
369481
177569
673235
31874
868568
29240
140378
768243
599032
776727
432185
698538
826966
625756
744460
364683
926683
964963
921200
294477
555687
964600
426775
832124
780140
430758
357356
909658
596970
947502
682013
135905
429826
978387
110474
615908
872506
390162
430984
691987
491660
522736
315921
957661
225963
59947
846220
57264
598675
61778
65973
459996
415563
442672
633321
309141
993402
7844
670545
545687
132003
916684
756520
257892
570175
232608
134890
155945
400438
643931
767707
118399
66489
268499
251185
780493
467774
897578
148575
400330
328153
581277
220862
628640
17780
420730
847834
800236
184427
409454
516951
76258
263750
627068
727295
199950
325716
80586
268073
796533
455008
89109
305670
630746
290323
265285
715787
704924
580326
488092
217334
121148
630657
131079
314304
558013
617077
954007
962846
184804
524307
414217
978547
865759
585255
408705
288789
598914
958612
375446
546938
85740
189005
118598
844671
176520
828718
748682
965652
330991
448693
460613
290376
900267
51615
120662
749
157079
815395
428941
724328
921506
745861
278649
391895
929202
517785
104863
168159
199653
665237
839112
458833
851122
912273
242866
338104
495918
463261
205222
625857
83371
143295
816681
87303
175547
985159
894604
453691
114962
981137
321374
933741
916745
646679
231426
660281
341695
787184
601115
425808
575002
987625
575523
286114
918699
198719
756955
547173
382128
472118
111517
64645
154226
911000
618573
458024
664399
502669
322862
537180
563794
123092
77009
182624
579518
524444
474600
801484
117418
852289
10232
629277
918470
334502
591661
830945
187835
253483
531463
131259
482545
781067
51250
128724
721066
996117
335156
932191
444171
194501
40832
646726
386619
157055
960935
377910
451620
671911
368174
145988
685463
968735
647162
184442
331404
804638
871976
33218
189383
125481
610809
138286
62613
528753
788331
628834
214134
509834
234275
303775
816149
537795
277253
895980
239218
979942
611174
570851
409760
255117
310937
738133
867882
270239
823334
23707
281041
858150
715353
419642
777713
500238
902774
545714
277889
337021
201546
768355
989625
933321
563484
952989
793102
793818
266499
456450
86169
420254
946833
740186
508438
669474
549933
485811
683527
903508
751166
65971
938552
486354
239939
962300
756958
854446
60864
783290
859673
93569
626323
224076
954329
545384
64741
236044
755996
915040
215996
726653
967189
126842
943788
329872
943785
377210
169837
382291
392466
762386
784264
451831
687974
229558
764972
866492
510322
837980
137821
142907
439680
374290
574348
235407
694200
189435
22721
710369
799651
498087
988853
719695
408522
170510
568764
191993
560061
157289
396511
574695
882544
112110
414984
132314
96895
78950
164246
153582
243474
272364
784785
784680
608411
828868
958391
280354
456252
514069
967221
715088
731206
230085
661745
247598
933789
198383
679044
349640
91575
836675
178565
988261
427331
590779
476864
618385
58022
259126
194694
689478
34784
121971
254302
113782
710669
369579
596889
341688
699784
167434
909187
48588
659434
315468
928822
840397
670832
752049
662344
132274
881850
15836
17700
731840
753520
806606
588086
665744
261695
992825
763904
40824
179521
950852
563466
688089
956539
708890
191030
210821
533632
367087
427057
321483
14834
592401
380870
363872
221544
654822
362445
163755
723756
693832
175168
157292
930651
508602
414253
54986
453743
564549
238152
776825
791834
770547
297368
594693
589640
634855
196050
865533
10183
456343
57795
439358
349891
917096
532390
986523
45930
111845
392149
108390
405806
403995
479836
151070
537577
836691
590442
437877
89690
817324
656673
631484
602573
667861
605388
259117
501657
315173
648688
950805
665155
319767
636347
826332
184576
852197
305690
361522
560088
781183
182950
949528
281318
765544
126846
497928
782076
399982
978928
664514
996323
595524
855632
947957
629376
980221
968619
272454
387794
691879
208982
300799
587095
301506
423455
680279
279182
557660
779237
576154
362904
41418
872964
960757
929272
29445
45160
705760
799097
892318
553475
143912
273007
457311
759961
663192
9877
414528
512952
749315
766742
421059
903494
982193
347111
950060
214578
550628
658065
51104
811276
283525
529484
910105
546033
562480
66951
523844
288415
640921
869445
627192
684711
299929
553185
463954
872320
607385
674482
844401
191415
442073
639689
1291
984772
476766
105495
331306
720825
947830
838700
187015
444052
216233
196826
511553
178291
550974
776312
675514
896551
239142
431554
740751
568416
995209
825758
173361
478984
598444
731321
207525
897709
680252
464784
349012
394134
483450
767883
651599
447350
660930
131779
358244
314110
882297
601764
130069
517645
212818
760110
865467
395203
608702
915606
928631
407731
566830
460041
710480
634615
80198
625360
924782
547101
902687
286990
144370
536894
565305
612647
834672
712943
270332
212027
79882
614289
995881
927504
557802
187076
197346
715534
795163
700472
562002
436131
171013
385443
797242
78023
41923
733135
490201
75097
223267
88523
465783
216104
976825
497409
161231
353359
539424
879656
270551
341816
746382
290704
221101
602433
282771
655450
307167
319355
850414
145098
637527
306959
122316
873845
562338
81147
360158
471956
105883
816122
46486
967675
240760
929346
392061
50211
893552
58023
164212
109155
355464
185629
238341
660606
134265
505626
69605
915797
595776
363290
328712
8125
968450
767484
423713
336555
833049
187914
671925
369612
234751
991446
384795
972274
290774
169279
287698
339880
691281
732307
644862
296422
960707
859086
218881
199840
466498
977473
380466
645561
383223
821006
729661
551509
772421
760208
163927
115083
968532
593303
947164
94970
301177
381393
611270
11955
951492
233604
530444
611731
241957
112375
820949
562868
288699
699633
763351
529146
532091
286041
254097
41608
997113
392380
941537
109269
40854
305133
393666
743833
199367
524551
472166
480673
760893
443790
819564
960194
475190
394868
569214
676650
710112
89015
79434
959506
688933
559207
744027
726671
68055
963974
377875
457352
562490
103304
392839
199938
431144
376377
108471
797015
49509
451454
345001
766406
493824
30195
167200
783715
529250
410164
687934
8495
398774
472183
115635
311298
553589
916694
482721
35557
644940
568427
716110
976252
902573
644373
681733
175200
874735
957399
866953
133195
431907
823838
593399
42732
959220
847011
671799
635803
258170
280871
319710
477543
63131
805083
422500
460874
19358
577762
191101
381374
456142
213422
364054
172968
455687
765127
137773
375475
773664
533034
942861
318904
35700
849102
951269
924761
861839
337922
463684
433325
298098
396722
967988
298261
716292
969608
413552
980461
119189
547310
613506
284639
809295
139698
794622
229137
499259
178243
894229
338046
625517
858264
981718
351778
583310
313264
355783
942735
96772
664052
236700
914013
805824
668280
607314
482303
570851
521184
725099
668720
321997
652831
555590
550475
930756
122395
43418
400314
710142
715501
376335
28487
975244
131076
289401
464654
797347
409385
906865
678803
74503
7324
312018
915824
793110
592798
436365
734759
439854
618760
184810
450390
104060
660505
615452
287944
406754
654605
188351
674023
581060
993704
718384
608272
507952
278546
108937
523519
655655
674908
645367
973545
69900
102368
612730
914537
220776
955655
299897
594002
437080
684197
90368
224355
195796
789374
637079
386392
68444
714028
185792
909789
689728
299672
211212
192989
886797
875942
496538
728441
486991
969069
440813
140309
689800
706083
284137
136268
783659
785304
110122
178307
940501
918425
409217
885595
572809
201909
78860
157952
382822
789148
164849
621215
791400
403426
711223
212148
633751
80931
669505
6465
838479
395713
436199
53082
44397
1417
577650
444573
873555
558260
67828
143360
855065
219977
419202
942723
958800
827232
489936
535172
385652
808641
914663
723697
829485
655850
850885
694168
500738
168111
567825
707482
536539
429692
798585
209470
971825
618678
445802
449633
396564
592192
137643
246539
334872
189210
852055
374814
105437
128035
901621
369384
636602
977471
960629
924183
704198
563603
505097
218380
171074
725805
724126
508424
232166
955969
928630
896131
450183
172814
917220
581339
121249
238112
453859
89385
641159
371374
314258
403952
780324
363683
843024
800559
36525
32570
317296
560214
475621
99458
379161
759509
483980
158849
510845
169487
976165
930549
459572
100397
611811
672950
248116
678799
495663
711607
13103
950494
492376
167147
792521
670589
237592
666180
820789
793310
863167
307094
183019
211825
357503
973530
819912
166454
505747
664335
532226
302452
860492
986811
395013
106114
363257
160464
141167
929282
413426
788585
683109
443758
33729
112819
952976
161098
978350
95977
357624
162617
152678
279671
23867
115564
596423
639936
977385
566261
254794
931579
524351
703610
689550
794488
258175
352004
738301
637569
969832
774519
965021
74651
80087
103516
364213
533612
524986
668954
739033
125110
462252
216644
168725
932225
952115
802315
141682
846103
862610
951444
593512
86121
400010
149733
619488
167823
59828
523320
242211
257133
488308
846322
719909
138993
311259
827757
166760
279224
864219
557170
926223
485712
272615
601858
315520
527384
75751
766163
782324
753988
984853
594392
806686
201341
121719
627833
507317
508133
794041
226146
445408
221240
965158
575223
830333
320014
422467
248229
797774
767101
796552
825428
410177
511259
32380
85369
622107
292577
560812
709895
976768
800171
434055
161477
412129
890587
981209
191483
548162
577310
170850
91206
601063
522758
417042
606411
378523
264663
874468
573064
61532
206045
994068
674694
928358
810490
855166
474155
703258
974654
246485
207084
214987
546095
313788
785055
625190
885160
27204
218222
204091
474909
360387
878567
28460
911996
749773
790577
349360
721263
142546
741850
25733
931326
631892
860171
69680
499474
625859
733149
193522
752148
940342
202436
524233
70964
233864
220713
571807
307270
416013
679062
486483
495238
588400
462795
971235
608252
417706
851245
879155
66043
344801
536862
874748
50947
191579
992680
548628
635526
369501
527634
723285
632520
684580
281557
23661
779935
251583
347945
606402
961562
41223
939896
850112
188030
645117
982516
737728
301867
55870
888644
326102
985054
542821
6745
320375
268816
447229
530271
543749
340091
480848
949753
108924
931315
197218
622508
362516
225461
984993
443714
674440
857287
574999
153331
880873
729149
608807
832567
417518
146780
363833
355214
536957
456562
493519
115689
822856
630863
947190
260600
90772
269411
986713
482769
269269
943605
844912
348922
846134
650302
530773
330067
299124
227488
32567
550115
241706
302854
223271
821309
668007
143641
435728
492110
789435
564187
841220
675462
763537
682404
978609
526369
604214
149175
574258
865553
361016
654593
429506
691530
799913
519213
175691
126697
186755
318630
573980
29954
401189
766378
133178
800773
771196
79176
876493
142219
836477
903542
142459
152515
798286
424209
944594
837876
568004
876145
408927
130158
644743
883176
499420
55313
51858
470744
168453
752633
806871
520110
868875
504069
213247
495999
630882
955267
71887
147197
241717
78841
389286
807637
346489
686034
959971
623977
797023
695972
799907
979621
443683
727962
605352
909696
204610
426435
138005
159185
651784
252213
481109
491467
929351
728799
297500
381015
172068
300267
810502
867917
168011
11084
264411
956238
307074
203945
357620
400448
663963
393317
321527
861799
478084
67595
746365
957213
552888
20563
232277
262830
874264
124051
488290
136210
765396
69637
997855
692231
849219
61041
198595
611531
892691
908087
478208
230643
626458
135611
267557
779115
666059
833837
375651
85067
514308
75059
512940
352913
275587
525686
324663
231745
134585
209222
93408
851286
215927
37035
541229
801827
261
591561
821036
705547
449938
533935
107703
917273
619013
554684
241370
427197
714033
543918
841675
152676
86568
99656
347031
373107
109798
557343
363742
869727
585582
488066
300853
473899
180915
48388
465257
914687
177836
542824
165155
998498
89034
738855
437671
779860
874758
937952
103350
22283
545491
329757
78356
335304
691251
71037
903972
637524
337126
577540
98479
845084
737981
756347
884355
700198
931020
576261
475064
618415
90237
87808
509262
458339
303681
993812
292338
931384
73378
354331
513823
381992
808245
93741
197346
638153
386667
354887
884854
121802
739014
26071
949773
715468
209448
889894
500912
684954
785606
973730
921853
830343
99196
814087
134352
645475
83387
583274
522493
992857
332701
15138
323833
161896
252121
395091
731352
3260
362706
23256
63024
817385
677770
497292
195741
463299
402291
406837
205342
47708
966374
169614
259613
694043
42157
189424
51788
834933
357690
41372
971563
731723
356731
25575
561126
863520
163525
38723
733082
397621
680109
143653
828280
427843
241334
449432
343362
832661
328356
69278
794099
445439
819375
655294
90939
774718
644115
244079
864872
947758
178820
860703
819104
339938
634495
79264
691147
345187
744956
375664
334221
554760
659520
548195
539633
327087
899278
737327
206305
758549
231741
331604
658
362392
532773
145190
223676
269510
352051
826104
15559
196961
417309
862759
17729
224370
725871
321280
960268
741062
319043
893327
120725
602121
662158
719621
330366
939518
222551
416069
907486
212057
554948
893643
872990
237497
451917
208697
833028
549381
595409
975232
616012
477282
875911
390055
656498
985934
990669
703291
595789
333980
477532
739347
582613
374604
232861
928447
205317
963846
310676
949837
136860
72499
637434
518711
264253
259897
824746
994028
85430
36049
83633
516921
279773
469510
883784
29076
319638
911052
561309
23557
571826
738362
923981
600690
798322
999461
52975
297669
721257
469787
504714
855164
13823
251961
659494
407436
309330
763689
948288
407155
867894
155772
46103
644185
406941
37664
727203
834786
404434
521022
340517
360915
166559
716787
490329
98078
709903
847208
771977
373323
279630
289360
938491
971397
394156
75709
933003
418239
498240
480096
137939
448065
528169
981019
927366
268627
148848
275332
142300
504196
467145
797241
922471
226327
183481
724891
200005
502987
247249
106729
132590
138950
67800
477305
441005
329117
43207
816916
470188
908995
382573
134127
705384
904011
720371
948994
992067
424667
146874
975687
644344
986095
44448
398929
277353
206535
833186
475463
472212
453615
297883
791803
974628
215785
194411
804459
662628
162104
155507
3603
735758
810891
297020
767852
922818
847237
196023
784389
97746
795813
16159
554429
304570
654295
372091
523994
522861
743510
926335
459786
987210
960700
754706
855475
597741
826983
375147
516473
134242
968202
158868
847180
324213
290765
197585
440874
642981
326178
733274
564408
115703
941286
668867
10873
43430
367983
258940
860520
393719
889656
661749
324664
627371
477734
343898
768550
872078
463926
328956
60087
935725
197382
577487
475924
787812
743740
31248
690110
94805
991959
527871
889903
166901
611984
284234
407375
240576
62892
211082
17871
863565
715169
627558
723046
46524
711970
432661
140518
838667
480073
273730
492986
977224
988704
434248
290046
324321
890701
255004
268667
80151
303895
238666
780542
505937
668697
667224
772435
893965
294978
776711
244643
948465
174789
110071
602087
445888
532516
264298
804616
508648
674325
99745
573781
726263
148942
908258
88992
648110
140658
337307
742134
280750
252056
945825
94328
154639
155060
737617
38490
612048
282212
206487
946360
48360
241177
452173
834000
782075
135584
107707
108832
603176
900044
126205
823005
96703
500226
949826
385741
851856
25249
376176
880322
868126
724235
796261
252915
765491
38165
924057
887032
606029
317127
171167
588129
84598
366864
719434
898804
861553
692361
801516
958466
41232
245348
535546
813285
397987
51121
536203
911576
739019
479884
379583
357363
419948
193767
12733
458561
652929
38512
688532
308288
162377
873694
409155
978804
175391
180125
997524
393512
285415
384852
728994
64642
433508
42831
907196
495938
700967
118478
179106
373271
212322
680681
433580
116446
459483
633502
171914
635128
570812
578553
955814
806598
853767
405087
947686
711171
623718
705654
30029
76863
764256
440692
252993
722356
677032
614083
527207
240391
492944
658254
262314
368028
780187
178987
663515
820886
301487
881445
813427
56938
690473
885988
124275
934814
491915
417531
188524
630820
828688
622926
775003
158733
832417
908766
483564
983788
137632
810931
52063
910024
200224
96165
794568
550845
406584
140742
82992
806319
266477
650799
768794
21804
906700
281062
563424
539805
688025
685993
599995
526441
58401
631130
530849
772263
383276
15558
603720
942909
998543
742419
660937
552730
869086
334598
57952
443276
93310
432495
137808
53822
874391
311794
370403
244626
82665
938738
627407
787927
638774
327707
757172
717991
277085
884492
948226
592544
669319
327712
397048
546173
634
847576
562119
226000
361419
775718
893589
625438
871088
616024
752093
311319
53811
579551
896755
844208
368067
482044
220645
836191
618021
952134
988413
415346
670216
403354
415076
121677
57845
397215
496993
383678
126757
572148
308030
534846
676076
69881
209867
856839
326868
985847
585788
203212
977733
941037
348653
567002
972575
50296
264967
348809
46890
119710
951802
942110
223909
235510
105642
800257
284155
212792
739878
555477
932435
554653
144275
526265
203142
814834
448103
162203
670764
515327
114449
357492
587855
275470
978038
538659
783553
551322
333335
659434
465802
524182
138062
311679
649465
495190
690039
490896
427675
748382
174188
452951
369738
285574
101864
525461
718365
496582
270733
493294
404605
165796
567552
684576
7063
377335
631410
768865
569901
584790
701434
778773
405000
385634
466910
119401
231368
635949
289585
984399
934619
219718
369814
680726
453708
694115
607138
295908
277811
413737
788704
159507
399307
784154
754542
157286
124064
738267
460356
216679
611943
418721
918677
531550
706088
83448
293518
754287
569494
117552
674427
943377
879935
339876
154633
475431
611294
953384
834854
43069
754574
294478
913284
350816
606553
814421
585853
95386
386351
133423
283153
60104
852018
669806
895178
538842
356526
418186
410304
959527
212070
790417
478009
123243
628617
60907
363624
585118
134468
565961
644374
840049
406513
413354
894238
592999
179309
48714
514386
114766
928839
368615
346172
75226
889363
553264
573567
362460
611615
309645
40603
745252
699197
288518
399118
259568
965247
118225
884504
194575
668673
635194
160920
896918
569696
917041
720786
680766
775689
708523
737362
966745
878124
60854
899881
252271
561102
320158
502294
363897
662142
927604
278593
133753
111583
525377
839008
102004
943012
995655
683196
442125
838171
416880
521678
637504
284768
166294
35971
445047
755314
630830
351327
656460
992418
416145
429374
841372
400231
264233
961077
986948
236687
873204
102870
126139
284560
100408
395282
179980
200957
405828
256633
335150
455764
703838
234270
201601
81716
737806
201238
710759
526315
686406
136734
869629
411693
491628
863004
831477
196066
916230
184062
976914
586070
793025
738175
214014
174484
102686
987080
682251
713292
995002
999987
806148
804017
392760
151018
369136
312032
409549
358062
441571
235770
401063
877428
162048
776210
232955
402858
375310
300866
389481
971607
219702
918808
912975
172512
563543
504878
596135
738918
68230
712599
726749
968525
200229
82613
720434
186392
680798
57512
485894
836016
75133
290657
260037
309699
522855
586068
701681
366025
385851
169740
167687
399778
386692
800472
684753
924316
581016
852387
985799
12176
374928
692258
391971
70251
870435
763686
558336
519435
595105
4689
393646
812607
692490
26021
633557
89905
118793
216568
659650
484192
889552
97668
371027
467525
232209
971355
254011
30423
281622
77879
196339
162538
26749
680879
248702
751282
688148
793158
533206
55718
390989
26718
199608
450368
698078
785418
581769
391649
59383
272704
441508
926608
871201
189805
268225
906979
860272
95331
492035
382198
556068
295470
731614
477784
151586
916100
951778
915782
661322
700058
304105
472399
557748
149139
464473
867478
882956
213971
84631
37878
179591
148530
20681
715968
359169
12557
234245
251551
316917
410678
45339
537181
240408
55883
415675
874238
719890
339428
932421
18506
16858
322918
796268
424681
865133
804853
403781
905766
547690
800198
765618
746198
908813
376594
108773
253202
231238
26982
84755
263391
929781
959255
203511
624175
18309
100436
563904
675457
124642
72212
714841
359203
939864
705773
460626
884439
502537
374854
483312
281300
41163
826661
524046
392739
673692
665890
670446
849642
933762
702973
823520
971462
907844
972363
366733
76689
93822
460171
450016
796739
264165
647254
584658
902452
31768
29493
490129
607551
480094
567245
288845
695875
228226
373173
112159
421955
870920
664488
569814
884461
568587
252246
668446
167096
655732
63893
44111
943462
376473
929396
588752
848361
451375
705200
743398
495586
686958
581888
29021
766084
353600
598347
215889
102167
471397
925050
686233
307673
890214
188647
795857
420415
56819
336436
72323
928409
766427
482041
91953
223571
756968
498837
281730
259095
342229
995621
331143
30288
155565
24787
567848
643786
407554
663046
662703
27893
25030
354039
687985
545608
158217
816868
557716
863107
408719
681437
87618
667596
375693
102907
195433
66043
927936
614128
528044
802097
723307
326522
837161
969571
812203
889202
37095
627253
194744
788993
396124
86337
878138
635121
928921
762550
297989
630305
671571
307485
201267
150483
529743
690743
678557
678879
622889
26755
909750
426635
361536
493916
285891
236786
476801
883838
405178
596384
217359
129577
305015
398272
355276
29534
689557
354220
259719
971462
276719
899876
686594
666226
612787
370651
713310
215101
709407
567274
125413
287950
506908
935015
742132
739258
742835
780561
956355
221510
282736
739682
946259
842378
719506
769287
857011
987824
942827
984492
507950
714332
152667
239856
302484
165222
247011
236344
823331
578754
316840
909984
625427
385985
953159
439243
521019
972784
480975
485531
138787
317662
214239
81596
380263
985724
845021
689755
461252
153949
291536
18933
648002
481756
326683
322634
689598
39196
965143
900784
375763
678826
500235
744323
534181
385343
617995
48890
123401
710179
556330
226901
646484
957355
155676
655026
863935
271971
35757
657087
466996
784326
222488
675338
10423
85674
909317
961845
355380
143481
409251
775301
960161
183833
326621
48537
989071
44525
254715
405751
494419
710709
159448
20546
881227
660625
610108
448904
625167
31011
311509
40952
453750
644881
745815
235568
919682
178026
76141
952885
625961
733216
729882
467580
326401
105395
209265
751205
7302
460911
407981
526151
958859
254732
488942
699174
850364
169331
965137
165313
143243
369568
726762
407688
420927
643234
984672
695531
273237
238912
55014
52878
59602
126006
390546
178649
15142
13276
348315
60843
755582
256552
297524
857582
409447
343370
95167
827781
122778
524853
327216
528290
957352
557310
289087
388661
136195
68956
824585
696639
32678
357840
552516
332485
926242
597406
627357
555167
136135
544377
467760
406576
154411
144828
443107
905968
114586
398677
50336
731044
943898
413052
947437
794927
886297
61473
495721
63298
918261
405732
880613
800688
688872
255550
361372
183517
847822
159869
50960
549524
239317
718572
328899
149942
951232
554384
216592
77264
665368
722447
654180
145542
480495
67372
660507
301804
982994
128429
33915
435124
144970
235230
589575
333633
188239
778798
890689
600282
759434
541814
1728
735226
948229
483098
794857
875076
487922
182984
520781
638739
992981
717150
547807
402160
322638
988264
718992
17501
736647
595526
517705
487886
261238
843692
38340
383479
283983
570308
393544
796608
613002
984750
334655
531990
973644
63783
384181
482715
126453
124999
173359
378237
231045
734692
683238
396836
984619
122645
869663
359365
460652
315281
453864
720212
28652
822133
531632
105430
766685
695332
601028
384020
918145
887688
604706
500587
602077
446711
408187
346241
917948
347058
155978
834066
557148
621895
315596
509736
793850
506838
759707
434601
124405
195376
211563
874826
242209
369243
895903
762914
283371
25138
537289
16409
58276
171497
165501
31039
433708
862959
852112
755193
995324
286380
666546
288277
166735
540970
334629
378175
647918
206031
388825
29261
174615
883720
672166
113589
41545
587906
810149
173982
970543
413586
741036
46803
378470
555957
603044
486100
144237
756593
101640
453511
791080
829978
585723
363276
611729
454000
135238
938094
290428
331686
655668
626269
281956
827346
662366
890465
6957
791167
912140
108159
544859
794152
766144
716039
597628
425935
664554
868911
463444
755746
282421
497967
266101
769375
164857
218297
631254
784319
245571
999159
389591
871804
809132
928612
260914
689780
782103
243191
997440
772070
101766
499961
920357
37337
408857
255416
443354
708379
456933
429588
726741
257767
412269
113206
610775
381472
644480
480033
954642
741882
108591
604768
70196
919288
13224
884447
765204
67983
14963
818070
99960
10602
704073
160928
217921
146759
377612
103018
127476
469246
205736
214214
94373
821218
846212
965087
957122
288704
126948
838535
825465
505413
72158
729453
895495
974780
928374
31914
338846
642036
152473
212858
706866
982271
130675
760264
654113
797399
624045
517665
593341
194204
218374
618187
343607
884537
239885
332527
465129
928996
895992
664689
948799
454083
918116
990112
171651
451372
857258
574793
144709
558981
582618
503718
828451
822026
80727
722228
18490
663469
567567
208418
571049
567256
956885
914661
910334
644366
583772
763048
550912
566639
408658
489185
126809
125146
894230
531135
767517
802861
959000
316159
546107
855016
924108
739934
219839
501103
775499
136425
415809
88430
111942
8880
339054
384087
765863
689241
438256
195142
174022
175888
841917
36870
283204
404956
415673
933677
925384
472397
806025
919266
361492
973906
901174
22591
443971
136551
834809
46033
517409
775147
145769
675452
908262
50703
391806
767100
226321
315179
995713
639046
39646
834347
470162
293005
24803
363814
807317
585568
556557
112911
707386
564144
868657
603908
510248
869744
606225
163780
488582
234901
243310
6654
364006
991101
475333
851076
813774
358572
230119
818462
963619
613809
437112
347451
896308
654567
583684
363843
14240
89111
107769
17479
202022
79163
612037
571418
941767
897117
722381
412729
151258
898206
944646
404709
749804
803923
115508
481170
945041
37514
131261
783415
525643
921706
735913
475462
588118
308920
330937
596406
393614
106998
331872
55227
309758
744934
297314
597400
543878
999916
798408
325194
770344
376849
114557
57829
667631
50724
138889
681277
400444
614651
36007
197243
731374
674519
953284
997391
458669
964837
735959
902148
327316
906913
996887
223023
608889
245589
944222
483905
687385
556735
352728
118012
272997
584721
610919
418178
655523
657874
817559
56905
733123
796386
267961
236971
357951
892506
549086
480474
897325
824978
494258
655668
626269
281956
827346
662366
890465
6957
791167
912140
108159
359676
496081
284050
580996
613955
95384
104896
989053
606659
295347
156155
98777
897956
70087
28046
664818
652057
650
431788
109513
292066
4061
439169
465972
933419
389828
848099
464738
988498
718590
795367
414156
94854
15109
411664
772731
108298
175780
763427
539440
500825
613168
628054
982579
858276
187364
443430
495995
269111
23325
417224
212790
830457
966254
57527
358391
67282
977825
908844
835386
240103
252939
824492
613204
984321
652427
489595
388731
499275
353439
10094
256303
280058
173538
327582
345029
102087
431654
259897
406286
965848
120042
209778
445480
175869
660152
331480
995808
627413
414942
599237
625091
152209
673478
899437
498560
43792
423092
817750
720699
43178
608476
269158
944560
370249
484190
501656
92098
154736
159903
838473
389728
991391
391045
127215
713362
118735
695438
330344
163750
422360
275662
18352
221745
176435
248771
204141
309956
18137
127574
821669
309485
400714
142833
309583
469735
561449
660983
372743
669983
38852
472933
776538
377251
487410
443715
144321
797993
184790
407238
393707
217786
969216
83013
336435
756665
876082
377430
32625
984404
899967
450181
701804
975622
403023
990192
190637
133510
388032
726274
738031
598607
489063
40138
535026
656717
513396
177015
612782
321313
438323
309106
385573
904785
536239
479704
813201
271823
104945
508051
327997
48612
158694
606804
339312
509753
164126
685551
776387
667010
73009
830098
678804
227848
948604
128419
455507
127569
882249
313206
141178
371885
51853
156456
551833
385376
104202
94874
150095
405863
355285
519821
358357
86121
552690
708951
69364
379260
706779
252608
273495
943376
589023
554236
89147
785340
416680
740676
850498
92323
384469
26195
827879
985538
161989
584250
43020
748505
798965
658976
663600
399220
278401
149018
460732
226645
553799
709795
161916
643840
320297
218104
854251
438883
316208
786258
896615
228767
495950
8001
8002
8003
8004
8005
8006
8007
8008
8009
8010
8011
8012
8013
8014
8015
8016
8017
8018
8019
8020
8021
8022
8023
8024
8025
8026
8027
8028
8029
8030
8031
8032
8033
8034
8035
8036
8037
8038
8039
8040
8041
8042
8043
8044
8045
8046
8047
8048
8049
8050
8051
8052
8053
8054
8055
8056
8057
8058
8059
8060
8061
8062
8063
8064
8065
8066
8067
8068
8069
8070
8071
8072
8073
8074
8075
8076
8077
8078
8079
8080
8081
8082
8083
8084
8085
8086
8087
8088
8089
8090
8091
8092
8093
8094
8095
8096
8097
8098
8099
8100
8101
8102
8103
8104
8105
8106
8107
8108
8109
8110
8111
8112
8113
8114
8115
8116
8117
8118
8119
8120
8121
8122
8123
8124
8125
8126
8127
8128
8129
8130
8131
8132
8133
8134
8135
8136
8137
8138
8139
8140
8141
8142
8143
8144
8145
8146
8147
8148
8149
8150
8151
8152
8153
8154
8155
8156
8157
8158
8159
8160
8161
8162
8163
8164
8165
8166
8167
8168
8169
8170
8171
8172
8173
8174
8175
8176
8177
8178
8179
8180
8181
8182
8183
8184
8185
8186
8187
8188
8189
8190
8191
8192
8193
8194
8195
8196
8197
8198
8199
8200
8201
8202
8203
8204
8205
8206
8207
8208
8209
8210
8211
8212
8213
8214
8215
8216
8217
8218
8219
8220
8221
8222
8223
8224
8225
8226
8227
8228
8229
8230
8231
8232
8233
8234
8235
8236
8237
8238
8239
8240
8241
8242
8243
8244
8245
8246
8247
8248
8249
8250
8251
8252
8253
8254
8255
8256
8257
8258
8259
8260
8261
8262
8263
8264
8265
8266
8267
8268
8269
8270
8271
8272
8273
8274
8275
8276
8277
8278
8279
8280
8281
8282
8283
8284
8285
8286
8287
8288
8289
8290
8291
8292
8293
8294
8295
8296
8297
8298
8299
8300
8301
8302
8303
8304
8305
8306
8307
8308
8309
8310
8311
8312
8313
8314
8315
8316
8317
8318
8319
8320
8321
8322
8323
8324
8325
8326
8327
8328
8329
8330
8331
8332
8333
8334
8335
8336
8337
8338
8339
8340
8341
8342
8343
8344
8345
8346
8347
8348
8349
8350
8351
8352
8353
8354
8355
8356
8357
8358
8359
8360
8361
8362
8363
8364
8365
8366
8367
8368
8369
8370
8371
8372
8373
8374
8375
8376
8377
8378
8379
8380
8381
8382
8383
8384
8385
8386
8387
8388
8389
8390
8391
8392
8393
8394
8395
8396
8397
8398
8399
8400
8401
8402
8403
8404
8405
8406
8407
8408
8409
8410
8411
8412
8413
8414
8415
8416
8417
8418
8419
8420
8421
8422
8423
8424
8425
8426
8427
8428
8429
8430
8431
8432
8433
8434
8435
8436
8437
8438
8439
8440
8441
8442
8443
8444
8445
8446
8447
8448
8449
8450
8451
8452
8453
8454
8455
8456
8457
8458
8459
8460
8461
8462
8463
8464
8465
8466
8467
8468
8469
8470
8471
8472
8473
8474
8475
8476
8477
8478
8479
8480
8481
8482
8483
8484
8485
8486
8487
8488
8489
8490
8491
8492
8493
8494
8495
8496
8497
8498
8499
8500
8501
8502
8503
8504
8505
8506
8507
8508
8509
8510
8511
8512
8513
8514
8515
8516
8517
8518
8519
8520
8521
8522
8523
8524
8525
8526
8527
8528
8529
8530
8531
8532
8533
8534
8535
8536
8537
8538
8539
8540
8541
8542
8543
8544
8545
8546
8547
8548
8549
8550
8551
8552
8553
8554
8555
8556
8557
8558
8559
8560
8561
8562
8563
8564
8565
8566
8567
8568
8569
8570
8571
8572
8573
8574
8575
8576
8577
8578
8579
8580
8581
8582
8583
8584
8585
8586
8587
8588
8589
8590
8591
8592
8593
8594
8595
8596
8597
8598
8599
8600
8601
8602
8603
8604
8605
8606
8607
8608
8609
8610
8611
8612
8613
8614
8615
8616
8617
8618
8619
8620
8621
8622
8623
8624
8625
8626
8627
8628
8629
8630
8631
8632
8633
8634
8635
8636
8637
8638
8639
8640
8641
8642
8643
8644
8645
8646
8647
8648
8649
8650
8651
8652
8653
8654
8655
8656
8657
8658
8659
8660
8661
8662
8663
8664
8665
8666
8667
8668
8669
8670
8671
8672
8673
8674
8675
8676
8677
8678
8679
8680
8681
8682
8683
8684
8685
8686
8687
8688
8689
8690
8691
8692
8693
8694
8695
8696
8697
8698
8699
8700
8701
8702
8703
8704
8705
8706
8707
8708
8709
8710
8711
8712
8713
8714
8715
8716
8717
8718
8719
8720
8721
8722
8723
8724
8725
8726
8727
8728
8729
8730
8731
8732
8733
8734
8735
8736
8737
8738
8739
8740
8741
8742
8743
8744
8745
8746
8747
8748
8749
8750
8751
8752
8753
8754
8755
8756
8757
8758
8759
8760
8761
8762
8763
8764
8765
8766
8767
8768
8769
8770
8771
8772
8773
8774
8775
8776
8777
8778
8779
8780
8781
8782
8783
8784
8785
8786
8787
8788
8789
8790
8791
8792
8793
8794
8795
8796
8797
8798
8799
8800
8801
8802
8803
8804
8805
8806
8807
8808
8809
8810
8811
8812
8813
8814
8815
8816
8817
8818
8819
8820
8821
8822
8823
8824
8825
8826
8827
8828
8829
8830
8831
8832
8833
8834
8835
8836
8837
8838
8839
8840
8841
8842
8843
8844
8845
8846
8847
8848
8849
8850
8851
8852
8853
8854
8855
8856
8857
8858
8859
8860
8861
8862
8863
8864
8865
8866
8867
8868
8869
8870
8871
8872
8873
8874
8875
8876
8877
8878
8879
8880
8881
8882
8883
8884
8885
8886
8887
8888
8889
8890
8891
8892
8893
8894
8895
8896
8897
8898
8899
8900
8901
8902
8903
8904
8905
8906
8907
8908
8909
8910
8911
8912
8913
8914
8915
8916
8917
8918
8919
8920
8921
8922
8923
8924
8925
8926
8927
8928
8929
8930
8931
8932
8933
8934
8935
8936
8937
8938
8939
8940
8941
8942
8943
8944
8945
8946
8947
8948
8949
8950
8951
8952
8953
8954
8955
8956
8957
8958
8959
8960
8961
8962
8963
8964
8965
8966
8967
8968
8969
8970
8971
8972
8973
8974
8975
8976
8977
8978
8979
8980
8981
8982
8983
8984
8985
8986
8987
8988
8989
8990
8991
8992
8993
8994
8995
8996
8997
8998
8999
9000
27713
2707
64695
21020
47970
68795
73172
38194
42429
22146
8162
65477
54397
64264
56267
48826
4284
16504
66622
27529
59339
14461
58236
71916
70203
75748
27951
43191
82811
30476
43383
47122
5934
14922
5249
31154
28840
56121
42022
83142
19253
62415
86782
21244
35030
64891
53728
54899
16985
27563
10071
6668
69715
17769
22962
88106
73005
11461
2232
49432
40297
48142
54949
42729
66687
8714
61110
75131
1416
22758
40445
60437
81430
76375
22578
58399
21582
9982
78006
45665
77507
12073
50660
58692
83248
66327
4071
5892
49698
16260
84402
26119
63728
242
46032
85303
9639
42840
68601
71083
7334
29748
86157
87716
44867
18589
30848
27123
17721
42580
42434
41320
69471
47448
10442
52005
66997
73512
57150
47792
33597
44771
25089
26632
16628
28347
79594
57439
4028
61528
25357
28662
49607
85609
52585
18854
70450
35158
74621
45898
80076
44001
46135
79163
8945
54682
52619
75155
31015
87010
24124
80274
46884
34935
77338
57455
49226
74046
41352
10854
85009
72334
18200
53056
30415
87737
37734
43328
27734
16758
78462
85706
50954
45689
21867
63102
6029
18965
87213
29346
84841
68968
56997
63245
49114
64100
45968
65824
54869
59853
28494
89087
41401
26590
40350
11325
88177
43126
2920
50214
47186
78656
89718
24821
12087
68417
42767
85014
60631
54475
58994
2166
33248
39902
2508
61190
86130
51117
16359
76879
80138
21342
55519
81087
39481
73195
4529
65457
62769
24694
54146
2043
48588
29530
31993
65665
86632
10908
83626
11415
10611
15328
32912
19
75631
44776
14678
737
20514
24631
13411
14976
40604
44884
76192
3849
89110
32170
49878
76800
48260
34204
31465
5060
28102
5494
30779
8608
36785
45807
67278
50228
46820
88954
55306
63661
73706
64587
9207
44464
16204
79254
61944
8023
87456
52836
62740
58642
14018
76959
67458
19103
9197
38093
42736
46756
78549
54825
8352
26072
79524
10476
47408
23809
49568
74795
77332
63257
71094
77290
4818
55738
50885
29694
25386
86920
3417
57168
15760
73582
32674
7566
8744
21040
53472
31659
74556
84143
12125
599
63661
48988
51624
64329
8371
26532
19273
23432
32163
31129
36614
39897
32812
84241
67137
12771
76718
1671
59531
80542
75832
4384
56010
72314
74476
41944
84274
45340
20289
64027
47267
33891
64308
81791
57502
38153
76701
45918
16789
31157
873
77682
88654
12493
1801
26185
38644
54680
55126
7064
65835
69346
13136
17820
45726
33145
60146
83371
50374
12052
51619
68473
87832
55971
28811
22359
5276
89153
67999
36582
72374
84150
50348
28664
25827
29769
75116
74407
64226
65203
39384
62448
4652
34302
59723
83223
79457
76013
40894
59278
97
12837
63557
38640
2915
46457
55541
19783
27414
60691
61744
88525
35281
20558
81503
8304
78825
70017
65290
65711
81519
25398
76935
51889
40483
9400
605
41413
17465
73882
78580
67571
45382
5605
86620
22977
67079
28586
72070
66018
28894
24917
87010
20138
15643
32434
76950
55548
81267
35290
15671
4580
77535
81301
49703
76544
62643
44611
6684
36137
649
38342
59081
75680
7769
47575
48811
80019
54872
13273
23778
16318
22555
71163
13402
49198
78726
63686
18037
11714
2565
66182
82886
30490
21573
46518
20205
58481
5312
76244
67434
72935
61972
4883
69056
20199
79887
89744
23015
5672
84009
53804
62861
78126
60990
68039
81835
52096
11623
49646
27680
42180
77203
19675
56316
82407
76903
13643
38843
20233
2095
29070
13420
30516
29215
71271
29420
2445
88859
54370
42308
13204
67296
16741
26732
44166
82125
21311
2538
82130
57585
29950
2571
59368
32258
85245
55709
4300
39255
71753
33399
23098
7171
8917
87877
72260
191
68628
53571
23495
7106
81651
47030
80444
84159
86041
53986
61290
6748
26406
74667
79544
39274
81273
17531
76240
26870
43086
49452
60431
12331
85556
59699
42121
29201
7037
69882
362
29286
48446
24201
20535
15879
4822
68960
12499
80924
45276
20706
78926
26061
32113
49361
5239
54245
65140
26531
51906
53601
1556
75582
34484
33765
84128
42597
84283
29804
3050
12815
11739
7417
3131
49456
15539
74431
23632
51718
22510
15289
353
30690
62470
86615
60802
73729
85266
14629
11939
59511
89632
35274
1186
9799
17518
69866
55905
20016
77138
75864
68849
56423
82106
32364
29757
79453
50654
31917
78948
88270
47921
16715
2110
86006
10742
54427
1599
71791
19950
59184
11898
23979
24256
88402
38045
16090
75186
34462
13386
57305
83252
72762
28245
34055
71004
53459
74665
10373
81323
73989
84790
76538
73967
71958
74933
1472
5682
66495
40076
68110
72031
54120
66732
41587
68228
21983
71783
18140
3891
61109
47488
72770
66963
72245
31355
18083
80276
25714
24915
73371
68016
85772
31498
3887
78908
22990
31483
16773
72462
5015
18187
48515
38360
61586
40142
48547
44482
82885
28438
20640
47846
2115
16327
28113
45189
26766
53653
24142
17271
51949
55039
84723
44736
56821
8213
22416
35661
59943
54516
32490
40078
14518
54386
4322
49806
78003
38036
59136
69693
75767
32510
61260
67087
3628
52706
81928
46780
41160
78953
61677
73256
31655
87136
3617
26142
51524
76362
41362
62470
9140
35619
31874
73174
19968
23028
21886
13892
51805
13010
73165
88009
50425
49329
68049
12608
31187
5095
14333
38750
77143
75291
6132
59260
55974
19787
12937
65104
26078
63533
3961
38090
36283
47405
72081
73530
81289
23958
22012
80926
12805
88684
80061
89641
39199
19285
80214
3408
85934
6488
35603
21054
39744
4605
35558
69015
53180
22196
87568
71561
33607
81874
85880
79662
15535
61798
33851
60894
89799
39626
32800
49346
44735
81813
35158
87347
68974
573
1613
71585
58447
72042
50654
4591
87367
68981
78872
43788
5567
48095
57704
32765
31265
73230
10004
3333
50115
74354
26996
47126
5659
67798
67885
83601
8334
7906
9884
37642
78778
20286
6683
81111
36076
22016
87283
28583
25678
14454
85822
54447
2369
5695
7799
78479
31027
21636
5489
58388
51628
15749
20688
35223
67243
845
81768
17618
34104
16503
69569
28146
9270
61066
10035
80199
80599
47136
23076
87641
63371
1253
22251
49749
86919
28346
44976
8373
70558
59720
79522
72366
65359
30114
26852
56931
68682
38868
24997
35382
64656
81720
67866
43311
47702
8119
71179
49093
34789
61836
65271
1865
14322
68900
11540
27522
47829
38530
69559
53554
46024
21647
20652
30632
58766
6894
29299
47263
69453
45758
28327
84276
70377
9752
30668
34389
68543
20840
55620
10516
46603
80057
52798
70154
87158
10457
28765
89241
33583
48924
26832
13946
14036
46188
61171
88693
71614
84141
66785
78415
30263
56383
88499
49310
66457
37053
12986
63320
52276
15618
71221
37433
42267
2571
44927
79378
12171
34455
87257
11151
83049
7739
83615
66033
79175
68355
14714
45322
8227
45331
30050
18696
64621
41179
18525
41864
57810
68297
43448
68972
33385
81496
11616
77111
46186
27670
85742
28516
38342
74083
55181
42423
86567
78293
77961
12107
37012
6441
75622
29371
55025
53971
56426
20988
54001
76455
30408
60151
29961
18545
37290
3781
62995
71598
49610
83314
20427
4333
28045
89604
35818
43936
3692
56213
77548
58396
76369
18812
55408
65856
9866
88331
46668
43491
14781
5281
77754
16694
20617
35246
2290
29784
86020
60727
67045
62824
63990
87632
70340
19701
87441
59062
51339
18866
55932
5055
80062
24917
68586
60840
70494
80270
59628
57758
80055
34101
50736
8841
7545
28924
15283
32370
11826
62612
85578
82726
20884
29419
73481
6098
40568
25378
10559
71358
74526
79197
47598
14550
56112
72628
82762
64051
1746
48471
84846
75273
19768
23998
35861
45049
51013
75309
88971
15031
11162
11351
30225
6822
52227
32234
3303
41439
36250
68040
85209
24816
28871
79110
19305
26945
70661
11868
80885
6321
25393
44189
180
50832
19473
81185
70802
84470
11023
66174
42357
86304
6113
10662
31404
68907
49463
26329
8867
48712
20160
53338
63749
25168
73720
13152
45103
40161
48114
31443
17277
36999
8798
60582
89075
64278
70312
60452
59674
13634
39421
60306
25237
86498
42890
11940
82207
70665
15747
23324
86546
61988
428
44238
44854
11378
18136
61327
56309
38605
36667
41275
56439
39495
63054
89557
54047
34703
57007
74745
10145
36883
61922
60974
5742
79840
10425
40391
86814
564
31147
45736
10760
74549
14212
15350
129
19082
29384
44327
43390
50375
24933
37465
74072
9782
77620
77518
14076
26960
17307
89813
34795
73340
42083
85828
82181
4846
57761
49057
80253
77073
46804
31600
29897
53647
7354
31575
6552
31836
48846
59789
60448
68819
61026
21697
36371
58024
83045
65142
32813
36461
86449
3244
50045
78704
59939
76042
26493
59121
54696
68119
30176
12402
66449
137
82200
77031
44707
63812
36464
32684
19725
67060
86812
5222
52039
11286
61692
62466
39379
48976
70247
44777
2243
4065
5417
11237
15255
21091
17627
86893
73024
60205
29084
18348
87926
44869
15081
74016
3491
16147
35150
9887
63114
22992
76649
71235
1511
14397
68727
20102
35509
52480
14237
2457
5190
27562
86725
2558
39090
39252
72883
3813
45503
51911
55859
49011
2200
61562
85218
61039
61086
78342
76901
72967
84104
26118
65801
15023
23640
57786
25032
62313
80396
60779
20100
77360
83678
25369
22292
31822
28088
88207
20121
53550
1767
23224
88571
66684
87771
61723
83957
71752
16808
29810
69625
66569
84364
41977
2865
87406
17245
89713
27731
61872
68078
3908
42768
64675
42446
17955
60394
48235
41678
62314
76992
5163
23037
84789
18471
60841
22578
40925
74454
35246
43396
89707
19694
79225
7465
28589
55748
76051
55657
69846
32685
3965
79983
28367
62405
46101
31676
29547
27979
27880
85639
47273
3741
79697
821
66850
17963
23008
40369
28227
3994
62469
80856
18628
31688
69804
40803
74022
57991
12499
62594
88924
13001
64005
70050
83392
75430
5307
14619
32055
8716
68073
51288
15918
59507
7556
34531
13331
73419
48499
26444
55697
60869
44419
80822
74547
7564
68052
70143
72217
46798
39937
37722
84600
24378
29581
3659
34844
760
29720
63278
59417
15023
54962
31028
86959
10183
84022
48635
73820
61964
1207
50568
46459
86443
82041
37876
46698
37884
1062
21696
2793
11772
76513
30919
23262
43318
22711
72879
5446
510
47777
87098
41894
64970
18774
82223
57535
11789
9342
66705
48112
21217
50673
34665
53781
27183
36285
22196
15598
81662
80055
64123
19114
67255
66697
9739
18978
26625
841
2817
34530
47805
81562
23348
4562
4912
23131
52974
57779
39864
86942
7832
76772
5837
40564
80513
83028
71878
63379
44699
51826
22725
67673
78067
14801
9008
34522
16651
76663
66733
24485
16181
41429
49865
28550
46046
29136
84293
29428
64324
81085
56141
38922
18182
19660
47030
17427
21159
60315
16116
6606
59054
66476
75637
51138
84669
14977
13438
63130
25707
61427
40911
17265
33408
59185
41973
48745
84573
9318
28893
33269
83430
50851
26768
44151
3021
26012
26015
86388
89740
71199
9244
5203
25919
72126
38146
44020
6203
6782
14931
49709
31807
12136
18044
16240
68294
46636
10246
62680
37429
36630
10828
28802
83287
87513
41460
50105
79299
62487
75052
39001
21094
659
20355
4213
77027
42781
56833
26581
44756
41916
26675
62263
44811
89275
89415
30037
10137
72442
42576
61287
85546
39781
39703
26991
76939
45697
52318
53667
75178
59938
57026
10632
41593
8523
24989
57945
15134
68925
52932
55671
52073
16688
32180
21786
71650
64447
69780
1878
3151
52077
89319
21097
35216
22758
28624
87072
18247
68033
73570
75546
19991
28273
9875
30116
29176
27131
28973
66963
49907
78706
82177
80496
64880
38557
24040
76269
17066
18634
23255
29446
620
50555
270
9
5
7
5
49369
34559
61772
40163
5665
48574
89096
34869
7056
1495
4439
35816
52453
68184
79775
4939
46050
42061
7479
88819
61858
33974
9262
55972
46952
38083
66088
7865
70680
11294
57522
31425
58463
16629
31127
4454
47452
15891
83611
70795
38706
8842
4772
11105
88598
49088
63609
51206
88899
35667
34691
59995
74093
67177
15344
52608
14994
3160
39606
13838
45644
76127
69700
46944
81492
4223
53492
18223
82289
62394
83021
70233
42717
88838
1493
9645
45960
87166
89540
21398
10502
51910
88996
15378
36307
12936
20356
67789
73415
59808
635
23039
7013
4544
32361
59982
29389
6257
43017
88065
70145
68039
4067
27843
55701
69551
72607
48656
53823
17688
5860
62831
77470
17739
36846
52476
37144
11064
19533
76913
6555
60974
85370
88016
49780
82343
46245
70016
36894
69198
19945
3537
82963
4078
30705
84637
76846
83432
19348
34654
85312
12656
83340
56614
321
10229
79925
21038
12543
9227
82336
28191
79746
54055
29351
5223
22640
49878
78059
77320
2923
32026
39193
55027
83528
